0	-8.04304
0.00874774	-7.99028
0.0174955	-7.93767
0.0262432	-7.88521
0.0349909	-7.8329
0.0437387	-7.78074
0.0524864	-7.72872
0.0612341	-7.67685
0.0699819	-7.62512
0.0787296	-7.57353
0.0874773	-7.52208
0.0962251	-7.47076
0.104973	-7.41958
0.113721	-7.36854
0.122468	-7.31763
0.131216	-7.26686
0.139964	-7.21621
0.148711	-7.1657
0.157459	-7.11531
0.166207	-7.06506
0.174955	-7.01493
0.183702	-6.96494
0.19245	-6.91507
0.201198	-6.86534
0.209946	-6.81573
0.218693	-6.76626
0.227441	-6.71692
0.236189	-6.66771
0.244936	-6.61864
0.253684	-6.5697
0.262432	-6.52091
0.27118	-6.47225
0.279927	-6.42375
0.288675	-6.37538
0.297423	-6.32717
0.306171	-6.27912
0.314918	-6.23123
0.323666	-6.1835
0.332414	-6.13593
0.341162	-6.08855
0.349909	-6.04134
0.358657	-5.99432
0.367405	-5.9475
0.376152	-5.90087
0.3849	-5.85445
0.393648	-5.80825
0.402396	-5.76228
0.411143	-5.71654
0.419891	-5.67104
0.428639	-5.6258
0.437387	-5.58082
0.446134	-5.53612
0.454882	-5.50993
0.46363	-5.48247
0.472377	-5.45353
0.481125	-5.4232
0.489873	-5.39154
0.498621	-5.35864
0.507368	-5.32458
0.516116	-5.28945
0.524864	-5.25334
0.533612	-5.21635
0.542359	-5.17856
0.551107	-5.14008
0.559855	-5.10101
0.568603	-5.06146
0.57735	-5.02152
0.586098	-4.98131
0.594846	-4.94093
0.603593	-4.9005
0.612341	-4.86013
0.621089	-4.81993
0.629837	-4.78002
0.638584	-4.74051
0.647332	-4.70151
0.65608	-4.66313
0.664828	-4.62549
0.673575	-4.58869
0.682323	-4.55283
0.691071	-4.51803
0.699819	-4.48438
0.708566	-4.45197
0.717314	-4.42089
0.726062	-4.39124
0.734809	-4.36308
0.743557	-4.33648
0.752305	-4.31152
0.761053	-4.28826
0.7698	-4.26674
0.778548	-4.24701
0.787296	-4.22911
0.796044	-4.21306
0.804791	-4.1989
0.813539	-4.18663
0.822287	-4.17627
0.831034	-4.16781
0.839782	-4.16126
0.84853	-4.1566
0.857278	-4.15382
0.866025	-4.1529
0.873168	-4.15351
0.88031	-4.15534
0.887453	-4.1584
0.894595	-4.16266
0.901738	-4.16814
0.90888	-4.17481
0.916023	-4.18267
0.923165	-4.19171
0.930308	-4.20192
0.93745	-4.21328
0.944593	-4.22577
0.951735	-4.23937
0.958878	-4.25407
0.96602	-4.26984
0.973163	-4.28666
0.980305	-4.30451
0.987448	-4.32336
0.99459	-4.34319
1.00173	-4.36396
1.00888	-4.38565
1.01602	-4.40822
1.02316	-4.43165
1.0303	-4.45591
1.03745	-4.48096
1.04459	-4.50676
1.05173	-4.53329
1.05887	-4.56051
1.06602	-4.58838
1.07316	-4.61687
1.0803	-4.64594
1.08744	-4.67556
1.09459	-4.70569
1.10173	-4.73628
1.10887	-4.76731
1.11601	-4.79874
1.12316	-4.83053
1.1303	-4.86264
1.13744	-4.89504
1.14458	-4.92769
1.15173	-4.96055
1.15887	-4.99359
1.16601	-5.02677
1.17315	-5.06005
1.1803	-5.09341
1.18744	-5.1268
1.19458	-5.16019
1.20172	-5.19355
1.20887	-5.22684
1.21601	-5.26004
1.22315	-5.2931
1.23029	-5.326
1.23744	-5.3587
1.24458	-5.39118
1.25172	-5.42341
1.25886	-5.45535
1.266	-5.48698
1.27315	-5.51826
1.28029	-5.54918
1.28743	-5.57971
1.29457	-5.60981
1.30172	-5.63947
1.30886	-5.66866
1.316	-5.69735
1.32314	-5.72552
1.33029	-5.75315
1.33743	-5.78022
1.34457	-5.80671
1.35171	-5.83259
1.35886	-5.85785
1.366	-5.88246
1.37314	-5.90641
1.38028	-5.92967
1.38743	-5.95224
1.39457	-5.9741
1.40171	-5.99522
1.40885	-6.0156
1.416	-6.03522
1.42314	-6.05406
1.43028	-6.07211
1.43742	-6.08937
1.44457	-6.10581
1.45171	-6.12143
1.45885	-6.13621
1.46599	-6.15015
1.47314	-6.16323
1.48028	-6.17545
1.48742	-6.18679
1.49456	-6.19726
1.50171	-6.20684
1.50885	-6.21552
1.51599	-6.22331
1.52313	-6.2302
1.53028	-6.23617
1.53742	-6.24124
1.54456	-6.24538
1.5517	-6.24861
1.55885	-6.25092
1.56599	-6.2523
1.57313	-6.25276
1.57313	-6.25276
1.57932	-6.27093
1.57932	-5.46016
1.57932	-7.3135
1.57932	-7.13363
1.57932	-7.25967
1.57932	-6.50625
1.57932	-7.05642
1.57932	-8.08889
1.57932	-7.14347
1.57932	-10.5923
1.57932	-6.94613
1.57932	-7.48847
1.57932	-6.48383
1.57932	-9.41108
1.57932	-9.24253
1.57932	-7.74729
1.57932	-6.5119
1.57932	-8.25331
1.57932	-7.22363
1.57932	-9.82873
1.57932	-8.54834
1.57932	-7.5872
1.57932	-6.67331
1.57932	-6.8199
1.57932	-7.79859
1.57932	-7.28118
1.57932	-6.86296
1.57932	-6.39444
1.57932	-5.41263
1.57932	-7.1353
1.57932	-6.27829
1.57932	-8.17387
1.57932	-7.71867
1.57932	-6.76539
1.57932	-7.05263
1.57932	-10.7695
1.57932	-7.39234
1.57932	-6.28967
1.57932	-8.41616
1.57932	-9.63105
1.57932	-6.28857
1.57932	-9.21351
1.57932	-7.58775
1.57932	-9.83387
1.57932	-5.12754
1.57932	-8.89719
1.57932	-7.21669
1.57932	-6.60793
1.57932	-7.32733
1.57932	-4.66809
1.57932	-7.61985
1.57932	-7.04373
1.57932	-10.3659
1.57932	-7.04793
1.57932	-9.04992
1.57932	-5.86723
1.57932	-7.915
1.57932	-8.986
1.57932	-7.90773
1.57932	-6.42164
1.57932	-9.75692
1.57932	-6.63826
1.57932	-7.93748
1.57932	-6.83748
1.57932	-6.08175
1.57932	-6.51283
1.57932	-7.30541
1.57932	-7.65148
1.57932	-6.9163
1.57932	-6.31327
1.57932	-6.7032
1.57932	-5.5252
1.57932	-6.59547
1.57932	-11.1256
1.57932	-8.49831
1.57932	-7.76204
1.57932	-6.87481
1.57932	-7.46113
1.57932	-9.59041
1.57932	-7.6557
1.57932	-6.41013
1.57932	-8.95563
1.57932	-7.21016
1.57932	-6.18655
1.57932	-10.5262
1.57932	-7.54186
1.57932	-6.13059
1.57932	-7.09843
1.57932	-8.35419
1.57932	-7.80392
1.57932	-6.33025
1.57932	-6.96977
1.57932	-7.53071
1.57932	-6.5444
1.57932	-5.95201
1.57932	-9.07305
1.57932	-8.40811
1.57932	-7.58474
1.57932	-4.31726
1.57932	-10.9608
1.57932	-7.42832
1.57932	-9.75481
1.57932	-7.81085
1.57932	-5.09077
1.57932	-8.0758
1.57932	-7.1925
1.57932	-11.5879
1.57932	-4.94461
1.57932	-8.73178
1.57932	-8.23517
1.57932	-6.02115
1.57932	-6.7555
1.57932	-8.58197
1.57932	-7.48688
1.57932	-6.13011
1.57932	-9.97369
1.57932	-7.71494
1.57932	-7.98711
1.57932	-5.28492
1.57932	-7.26924
1.57932	-8.90915
1.57932	-7.71063
1.57932	-5.82746
1.57932	-6.64088
1.57932	-6.89799
1.57932	-6.46869
1.57932	-5.63474
1.57932	-5.48504
1.57932	-7.34
1.57932	-6.71773
1.57932	-8.01138
1.57932	-6.41335
1.57932	-6.1924
1.57932	-7.32876
1.57932	-5.9397
1.57932	-6.79543
1.57932	-10.2435
1.57932	-7.85594
1.57932	-9.2676
1.57932	-4.79489
1.57932	-7.11908
1.57932	-9.63896
1.57932	-7.54995
1.57932	-6.49813
1.57932	-7.25506
1.57932	-7.05579
1.57932	-5.15087
1.57932	-9.74509
1.57932	-7.23105
1.57932	-6.52751
1.57932	-7.3407
1.57932	-7.91161
1.57932	-8.30667
1.57932	-6.16893
1.57932	-5.59143
1.57932	-11.1087
1.57932	-7.30144
1.57932	-5.66424
1.57932	-7.90384
1.57932	-7.77644
1.57932	-6.93463
1.57932	-6.28265
1.57932	-9.20081
1.57932	-7.44913
1.57932	-6.65019
1.57932	-8.34207
1.57932	-7.14658
1.57932	-7.27341
1.57932	-6.26212
1.57932	-7.46492
1.57932	-10.9014
1.57932	-4.83612
1.57932	-7.11131
1.57932	-9.12171
1.57932	-5.94942
1.57932	-6.40324
1.57932	-6.95298
1.57932	-7.98942
1.57932	-6.10552
1.57932	-9.48263
1.57932	-6.87588
1.57932	-6.73227
1.57932	-6.48714
1.57932	-9.15838
1.57932	-8.53229
1.57932	-7.49706
1.57932	-5.52569
1.57932	-5.01162
1.57932	-9.13017
1.57932	-6.5647
1.57932	-4.5103
1.57932	-6.14927
1.57932	-7.48592


0	-3.99804
0.00874774	-4.08373
0.0174955	-4.16755
0.0262432	-4.24945
0.0349909	-4.32939
0.0437387	-4.40733
0.0524864	-4.48324
0.0612341	-4.55709
0.0699819	-4.62883
0.0787296	-4.69843
0.0874773	-4.76587
0.0962251	-4.83112
0.104973	-4.89414
0.113721	-4.95491
0.122468	-5.01341
0.131216	-5.06962
0.139964	-5.1235
0.148711	-5.17505
0.157459	-5.22425
0.166207	-5.27108
0.174955	-5.31553
0.183702	-5.35758
0.19245	-5.39723
0.201198	-5.43447
0.209946	-5.46929
0.218693	-5.50169
0.227441	-5.53167
0.236189	-5.55922
0.244936	-5.58436
0.253684	-5.60708
0.262432	-5.6274
0.27118	-5.64532
0.279927	-5.66085
0.288675	-5.67401
0.297423	-5.68481
0.306171	-5.69327
0.314918	-5.69942
0.323666	-5.70327
0.332414	-5.70486
0.341162	-5.70421
0.349909	-5.70135
0.358657	-5.69632
0.367405	-5.68915
0.376152	-5.67988
0.3849	-5.66855
0.393648	-5.65522
0.402396	-5.63992
0.411143	-5.62271
0.419891	-5.60364
0.428639	-5.58276
0.437387	-5.56015
0.446134	-5.53585
0.454882	-5.49171
0.46363	-5.4476
0.472377	-5.40381
0.481125	-5.36035
0.489873	-5.31723
0.498621	-5.27447
0.507368	-5.23209
0.516116	-5.1901
0.524864	-5.14852
0.533612	-5.10737
0.542359	-5.06668
0.551107	-5.02645
0.559855	-4.98672
0.568603	-4.9475
0.57735	-4.90882
0.586098	-4.8707
0.594846	-4.83318
0.603593	-4.79627
0.612341	-4.76
0.621089	-4.7244
0.629837	-4.68951
0.638584	-4.65535
0.647332	-4.62196
0.65608	-4.58937
0.664828	-4.55761
0.673575	-4.52672
0.682323	-4.49675
0.691071	-4.46772
0.699819	-4.43968
0.708566	-4.41266
0.717314	-4.38672
0.726062	-4.36189
0.734809	-4.33821
0.743557	-4.31574
0.752305	-4.29451
0.761053	-4.27458
0.7698	-4.25599
0.778548	-4.23878
0.787296	-4.22301
0.796044	-4.20872
0.804791	-4.19595
0.813539	-4.18475
0.822287	-4.17517
0.831034	-4.16725
0.839782	-4.16102
0.84853	-4.15653
0.857278	-4.15381
0.866025	-4.1529
0.873168	-4.15351
0.88031	-4.15534
0.887453	-4.1584
0.894595	-4.16266
0.901738	-4.16814
0.90888	-4.17481
0.916023	-4.18267
0.923165	-4.19171
0.930308	-4.20192
0.93745	-4.21328
0.944593	-4.22577
0.951735	-4.23937
0.958878	-4.25407
0.96602	-4.26984
0.973163	-4.28666
0.980305	-4.30451
0.987448	-4.32336
0.99459	-4.34319
1.00173	-4.36396
1.00888	-4.38565
1.01602	-4.40822
1.02316	-4.43165
1.0303	-4.45591
1.03745	-4.48096
1.04459	-4.50676
1.05173	-4.53329
1.05887	-4.56051
1.06602	-4.58838
1.07316	-4.61687
1.0803	-4.64594
1.08744	-4.67556
1.09459	-4.70569
1.10173	-4.73628
1.10887	-4.76731
1.11601	-4.79874
1.12316	-4.83053
1.1303	-4.86264
1.13744	-4.89504
1.14458	-4.92769
1.15173	-4.96055
1.15887	-4.99359
1.16601	-5.02677
1.17315	-5.06005
1.1803	-5.09341
1.18744	-5.1268
1.19458	-5.16019
1.20172	-5.19355
1.20887	-5.22684
1.21601	-5.26004
1.22315	-5.2931
1.23029	-5.326
1.23744	-5.3587
1.24458	-5.39118
1.25172	-5.42341
1.25886	-5.45535
1.266	-5.48698
1.27315	-5.51826
1.28029	-5.54918
1.28743	-5.57971
1.29457	-5.60981
1.30172	-5.63947
1.30886	-5.66866
1.316	-5.69735
1.32314	-5.72552
1.33029	-5.75315
1.33743	-5.78022
1.34457	-5.80671
1.35171	-5.83259
1.35886	-5.85785
1.366	-5.88246
1.37314	-5.90641
1.38028	-5.92967
1.38743	-5.95224
1.39457	-5.9741
1.40171	-5.99522
1.40885	-6.0156
1.416	-6.03522
1.42314	-6.05406
1.43028	-6.07211
1.43742	-6.08937
1.44457	-6.10581
1.45171	-6.12143
1.45885	-6.13621
1.46599	-6.15015
1.47314	-6.16323
1.48028	-6.17545
1.48742	-6.18679
1.49456	-6.19726
1.50171	-6.20684
1.50885	-6.21552
1.51599	-6.22331
1.52313	-6.2302
1.53028	-6.23617
1.53742	-6.24124
1.54456	-6.24538
1.5517	-6.24861
1.55885	-6.25092
1.56599	-6.2523
1.57313	-6.25276
1.57313	-6.25276
1.57932	-6.23433
1.57932	-5.45907
1.57932	-4.98118
1.57932	-5.46565
1.57932	-5.0881
1.57932	-5.80429
1.57932	-2.02014
1.57932	-0.217075
1.57932	-6.03959
1.57932	0
1.57932	-5.79756
1.57932	-1.41033
1.57932	-5.90707
1.57932	-1.3423
1.57932	-1.02779
1.57932	-4.45544
1.57932	-6.36214
1.57932	-0.593006
1.57932	-5.09344
1.57932	0
1.57932	-2.96172
1.57932	-6.32167
1.57932	-6.38855
1.57932	-5.94369
1.57932	-4.27144
1.57932	-5.06421
1.57932	-5.48963
1.57932	-1.91216
1.57932	-2.90298
1.57932	-5.85794
1.57932	-2.07453
1.57932	-3.44106
1.57932	-4.97685
1.57932	-5.54017
1.57932	-5.32707
1.57932	0
1.57932	-4.94567
1.57932	-5.87242
1.57932	-3.29074
1.57932	-0.544858
1.57932	-6.14012
1.57932	-1.48906
1.57932	-6.5959
1.57932	0
1.57932	-5.08833
1.57932	-2.38277
1.57932	-5.13177
1.57932	-5.67336
1.57932	-4.9657
1.57932	-4.09128
1.57932	-6.55361
1.57932	-3.89556
1.57932	0
1.57932	-5.31976
1.57932	-2.01162
1.57932	-5.68231
1.57932	-2.33537
1.57932	-1.77588
1.57932	-4.00142
1.57932	-6.07415
1.57932	-0.520766
1.57932	-6.17517
1.57932	-3.714
1.57932	-4.01733
1.57932	-2.28037
1.57932	-6.31835
1.57932	-4.32507
1.57932	-4.59421
1.57932	-5.48507
1.57932	-5.9327
1.57932	-4.04926
1.57932	-2.81614
1.57932	-6.35487
1.57932	0
1.57932	-3.1441
1.57932	-4.39354
1.57932	-5.5661
1.57932	-7.03485
1.57932	-0.133416
1.57932	-4.56266
1.57932	-5.77351
1.57932	-2.16044
1.57932	-5.12688
1.57932	-5.93696
1.57932	0
1.57932	-7.03062
1.57932	-4.37145
1.57932	-6.27308
1.57932	-3.40913
1.57932	-4.37549
1.57932	-5.94649
1.57932	-5.05979
1.57932	-0.802458
1.57932	-6.53316
1.57932	-3.37264
1.57932	-1.90826
1.57932	-3.17837
1.57932	-4.73987
1.57932	-4.30521
1.57932	0
1.57932	-4.89635
1.57932	-0.596934
1.57932	-4.54546
1.57932	-5.07951
1.57932	-2.69432
1.57932	-6.92278
1.57932	0
1.57932	-4.84942
1.57932	-1.80724
1.57932	-3.64944
1.57932	-5.90693
1.57932	-5.71873
1.57932	-2.65076
1.57932	-7.38827
1.57932	-5.06421
1.57932	-0.0304647
1.57932	-4.5035
1.57932	-2.79336
1.57932	-5.25372
1.57932	-3.96847
1.57932	-2.20612
1.57932	-4.3671
1.57932	-4.29273
1.57932	-5.81417
1.57932	-6.0122
1.57932	-6.27428
1.57932	-3.85888
1.57932	-3.61981
1.57932	-6.73497
1.57932	-3.58938
1.57932	-3.788
1.57932	-6.03195
1.57932	-6.10676
1.57932	-5.04921
1.57932	-2.36621
1.57932	-6.78059
1.57932	0
1.57932	-4.33088
1.57932	-1.20678
1.57932	-4.78385
1.57932	-5.33304
1.57932	-0.356239
1.57932	-4.68671
1.57932	-5.07868
1.57932	-5.45607
1.57932	-5.32791
1.57932	-5.10835
1.57932	0
1.57932	-7.1318
1.57932	-2.99964
1.57932	-6.78521
1.57932	-2.90641
1.57932	-3.51483
1.57932	-6.16836
1.57932	-5.5765
1.57932	0
1.57932	-6.04655
1.57932	-4.63745
1.57932	-4.05721
1.57932	-4.34053
1.57932	-6.80513
1.57932	-6.20291
1.57932	-1.13441
1.57932	-4.84233
1.57932	-5.71954
1.57932	-0.0463019
1.57932	-7.13475
1.57932	-5.18052
1.57932	-6.04065
1.57932	-7.4059
1.57932	0
1.57932	-4.75063
1.57932	-2.13604
1.57932	-1.38713
1.57932	-5.90418
1.57932	-6.12489
1.57932	-2.4916
1.57932	-4.79944
1.57932	-3.9448
1.57932	-0.989984
1.57932	-5.88658
1.57932	-6.50237
1.57932	-6.48699
1.57932	-1.28038
1.57932	-3.13411
1.57932	-4.73208
1.57932	-2.86226
1.57932	-4.95309
1.57932	-1.60391
1.57932	-5.93469
1.57932	-3.79672
1.57932	-5.78202
1.57932	-6.81439


0	0
0.00874774	0
0.0174955	0
0.0262432	0
0.0349909	0
0.0437387	0
0.0524864	0
0.0612341	0
0.0699819	0
0.0787296	0
0.0874773	0
0.0962251	0
0.104973	0
0.113721	0
0.122468	0
0.131216	0
0.139964	0
0.148711	0
0.157459	0
0.166207	0
0.174955	0
0.183702	0
0.19245	0
0.201198	0
0.209946	0
0.218693	0
0.227441	0
0.236189	0
0.244936	0
0.253684	0
0.262432	0
0.27118	0
0.279927	0
0.288675	0
0.297423	0
0.306171	0
0.314918	0
0.323666	0
0.332414	0
0.341162	0
0.349909	0
0.358657	0
0.367405	0
0.376152	0
0.3849	0
0.393648	0
0.402396	0
0.411143	0
0.419891	0
0.428639	0
0.437387	0
0.446134	0
0.454882	0
0.46363	0
0.472377	0
0.481125	0
0.489873	0
0.498621	0
0.507368	0
0.516116	0
0.524864	0
0.533612	0
0.542359	0
0.551107	0
0.559855	0
0.568603	0
0.57735	0
0.586098	0
0.594846	0
0.603593	0
0.612341	0
0.621089	0
0.629837	0
0.638584	0
0.647332	0
0.65608	0
0.664828	0
0.673575	0
0.682323	0
0.691071	0
0.699819	0
0.708566	0
0.717314	0
0.726062	0
0.734809	0
0.743557	0
0.752305	0
0.761053	0
0.7698	0
0.778548	0
0.787296	0
0.796044	0
0.804791	0
0.813539	0
0.822287	0
0.831034	0
0.839782	0
0.84853	0
0.857278	0
0.866025	0
0.873168	0
0.88031	0
0.887453	0
0.894595	0
0.901738	0
0.90888	0
0.916023	0
0.923165	0
0.930308	0
0.93745	0
0.944593	0
0.951735	0
0.958878	0
0.96602	0
0.973163	0
0.980305	0
0.987448	0
0.99459	0
1.00173	0
1.00888	0
1.01602	0
1.02316	0
1.0303	0
1.03745	0
1.04459	0
1.05173	0
1.05887	0
1.06602	0
1.07316	0
1.0803	0
1.08744	0
1.09459	0
1.10173	0
1.10887	0
1.11601	0
1.12316	0
1.1303	0
1.13744	0
1.14458	0
1.15173	0
1.15887	0
1.16601	0
1.17315	0
1.1803	0
1.18744	0
1.19458	0
1.20172	0
1.20887	0
1.21601	0
1.22315	0
1.23029	0
1.23744	0
1.24458	0
1.25172	0
1.25886	0
1.266	0
1.27315	0
1.28029	0
1.28743	0
1.29457	0
1.30172	0
1.30886	0
1.316	0
1.32314	0
1.33029	0
1.33743	0
1.34457	0
1.35171	0
1.35886	0
1.366	0
1.37314	0
1.38028	0
1.38743	0
1.39457	0
1.40171	0
1.40885	0
1.416	0
1.42314	0
1.43028	0
1.43742	0
1.44457	0
1.45171	0
1.45885	0
1.46599	0
1.47314	0
1.48028	0
1.48742	0
1.49456	0
1.50171	0
1.50885	0
1.51599	0
1.52313	0
1.53028	0
1.53742	0
1.54456	0
1.5517	0
1.55885	0
1.56599	0
1.57313	0
1.57313	0
1.57932	0
1.57932	0
1.57932	0
1.57932	0
1.57932	0
1.57932	0
1.57932	0
1.57932	0
1.57932	-0.380527
1.57932	0
1.57932	-0.0567956
1.57932	0
1.57932	0
1.57932	0
1.57932	0
1.57932	0
1.57932	0
1.57932	0
1.57932	-0.194524
1.57932	0
1.57932	-0.0950598
1.57932	-0.928908
1.57932	-0.344217
1.57932	-0.080976
1.57932	0
1.57932	0
1.57932	0
1.57932	0
1.57932	0
1.57932	-0.301321
1.57932	0
1.57932	0
1.57932	-0.400128
1.57932	0
1.57932	0
1.57932	0
1.57932	0
1.57932	0
1.57932	-0.282128
1.57932	0
1.57932	0
1.57932	0
1.57932	-1.02256
1.57932	0
1.57932	0
1.57932	0
1.57932	0
1.57932	0
1.57932	-0.237994
1.57932	0
1.57932	-1.03283
1.57932	0
1.57932	0
1.57932	0
1.57932	0
1.57932	0
1.57932	0
1.57932	-0.120594
1.57932	0
1.57932	0
1.57932	0
1.57932	0
1.57932	0
1.57932	0
1.57932	0
1.57932	-0.0819213
1.57932	0
1.57932	0
1.57932	0
1.57932	0
1.57932	0
1.57932	0
1.57932	-0.271604
1.57932	0
1.57932	0
1.57932	0
1.57932	0
1.57932	-1.07341
1.57932	0
1.57932	0
1.57932	0
1.57932	0
1.57932	0
1.57932	0
1.57932	0
1.57932	-1.12388
1.57932	0
1.57932	-0.529718
1.57932	0
1.57932	0
1.57932	0
1.57932	0
1.57932	0
1.57932	-0.392024
1.57932	0
1.57932	0
1.57932	0
1.57932	0
1.57932	0
1.57932	0
1.57932	0
1.57932	0
1.57932	-0.0858611
1.57932	0
1.57932	0
1.57932	-0.873817
1.57932	0
1.57932	0
1.57932	0
1.57932	0
1.57932	0
1.57932	0
1.57932	-0.26148
1.57932	-1.19075
1.57932	0
1.57932	0
1.57932	0
1.57932	0
1.57932	0
1.57932	0
1.57932	0
1.57932	0
1.57932	0
1.57932	0
1.57932	-0.0732274
1.57932	-0.139902
1.57932	0
1.57932	0
1.57932	-0.89605
1.57932	0
1.57932	0
1.57932	0
1.57932	0
1.57932	0
1.57932	0
1.57932	-0.530202
1.57932	0
1.57932	0
1.57932	0
1.57932	0
1.57932	0
1.57932	0
1.57932	0
1.57932	0
1.57932	-0.390126
1.57932	0
1.57932	0
1.57932	0
1.57932	-0.968037
1.57932	0
1.57932	-0.91502
1.57932	0
1.57932	0
1.57932	-0.053997
1.57932	0
1.57932	0
1.57932	-0.571751
1.57932	0
1.57932	0
1.57932	0
1.57932	-0.689254
1.57932	0
1.57932	0
1.57932	0
1.57932	0
1.57932	0
1.57932	-0.924033
1.57932	0
1.57932	-0.0416023
1.57932	-1.18279
1.57932	0
1.57932	0
1.57932	0
1.57932	0
1.57932	0
1.57932	0
1.57932	0
1.57932	-0.696597
1.57932	0
1.57932	0
1.57932	-0.0756901
1.57932	-0.204264
1.57932	-0.347551
1.57932	0
1.57932	0
1.57932	0
1.57932	0
1.57932	0
1.57932	0
1.57932	0
1.57932	0
1.57932	0
1.57932	-1.03032


0	0
0.00874774	0
0.0174955	0
0.0262432	0
0.0349909	0
0.0437387	0
0.0524864	0
0.0612341	0
0.0699819	0
0.0787296	0
0.0874773	0
0.0962251	0
0.104973	0
0.113721	0
0.122468	0
0.131216	0
0.139964	0
0.148711	0
0.157459	0
0.166207	0
0.174955	0
0.183702	0
0.19245	0
0.201198	0
0.209946	0
0.218693	0
0.227441	0
0.236189	0
0.244936	0
0.253684	0
0.262432	0
0.27118	0
0.279927	0
0.288675	0
0.297423	0
0.306171	0
0.314918	0
0.323666	0
0.332414	0
0.341162	0
0.349909	0
0.358657	0
0.367405	0
0.376152	0
0.3849	0
0.393648	0
0.402396	0
0.411143	0
0.419891	0
0.428639	0
0.437387	0
0.446134	0
0.454882	0
0.46363	0
0.472377	0
0.481125	0
0.489873	0
0.498621	0
0.507368	0
0.516116	0
0.524864	0
0.533612	0
0.542359	0
0.551107	0
0.559855	0
0.568603	0
0.57735	0
0.586098	0
0.594846	0
0.603593	0
0.612341	0
0.621089	0
0.629837	0
0.638584	0
0.647332	0
0.65608	0
0.664828	0
0.673575	0
0.682323	0
0.691071	0
0.699819	0
0.708566	0
0.717314	0
0.726062	0
0.734809	0
0.743557	0
0.752305	0
0.761053	0
0.7698	0
0.778548	0
0.787296	0
0.796044	0
0.804791	0
0.813539	0
0.822287	0
0.831034	0
0.839782	0
0.84853	0
0.857278	0
0.866025	0
0.873168	0
0.88031	0
0.887453	0
0.894595	0
0.901738	0
0.90888	0
0.916023	0
0.923165	0
0.930308	0
0.93745	0
0.944593	0
0.951735	0
0.958878	0
0.96602	0
0.973163	0
0.980305	0
0.987448	0
0.99459	0
1.00173	0
1.00888	0
1.01602	0
1.02316	0
1.0303	0
1.03745	0
1.04459	0
1.05173	0
1.05887	0
1.06602	0
1.07316	0
1.0803	0
1.08744	0
1.09459	0
1.10173	0
1.10887	0
1.11601	0
1.12316	0
1.1303	0
1.13744	0
1.14458	0
1.15173	0
1.15887	0
1.16601	0
1.17315	0
1.1803	0
1.18744	0
1.19458	0
1.20172	0
1.20887	0
1.21601	0
1.22315	0
1.23029	0
1.23744	0
1.24458	0
1.25172	0
1.25886	0
1.266	0
1.27315	0
1.28029	0
1.28743	0
1.29457	0
1.30172	0
1.30886	0
1.316	0
1.32314	0
1.33029	0
1.33743	0
1.34457	0
1.35171	0
1.35886	0
1.366	0
1.37314	0
1.38028	0
1.38743	0
1.39457	0
1.40171	0
1.40885	0
1.416	0
1.42314	0
1.43028	0
1.43742	0
1.44457	0
1.45171	0
1.45885	0
1.46599	0
1.47314	0
1.48028	0
1.48742	0
1.49456	0
1.50171	0
1.50885	0
1.51599	0
1.52313	0
1.53028	0
1.53742	0
1.54456	0
1.5517	0
1.55885	0
1.56599	0
1.57313	0
1.57313	0
1.57932	0
1.57932	0
1.57932	0
1.57932	0
1.57932	0
1.57932	0
1.57932	0
1.57932	0
1.57932	0
1.57932	0
1.57932	0
1.57932	0
1.57932	0
1.57932	0
1.57932	0
1.57932	0
1.57932	0
1.57932	0
1.57932	0
1.57932	0
1.57932	0
1.57932	-0.488611
1.57932	-0.247523
1.57932	0
1.57932	0
1.57932	0
1.57932	0
1.57932	0
1.57932	0
1.57932	0
1.57932	0
1.57932	0
1.57932	0
1.57932	0
1.57932	0
1.57932	0
1.57932	0
1.57932	0
1.57932	0
1.57932	0
1.57932	0
1.57932	0
1.57932	-0.708791
1.57932	0
1.57932	0
1.57932	0
1.57932	0
1.57932	0
1.57932	0
1.57932	0
1.57932	-0.711491
1.57932	0
1.57932	0
1.57932	0
1.57932	0
1.57932	0
1.57932	0
1.57932	0
1.57932	0
1.57932	0
1.57932	0
1.57932	0
1.57932	0
1.57932	0
1.57932	0
1.57932	0
1.57932	0
1.57932	0
1.57932	0
1.57932	0
1.57932	0
1.57932	0
1.57932	0
1.57932	0
1.57932	0
1.57932	0
1.57932	0
1.57932	-0.924744
1.57932	0
1.57932	0
1.57932	0
1.57932	0
1.57932	0
1.57932	0
1.57932	0
1.57932	-0.96935
1.57932	0
1.57932	0
1.57932	0
1.57932	0
1.57932	0
1.57932	0
1.57932	0
1.57932	-0.375606
1.57932	0
1.57932	0
1.57932	0
1.57932	0
1.57932	0
1.57932	0
1.57932	0
1.57932	0
1.57932	0
1.57932	0
1.57932	0
1.57932	-0.726699
1.57932	0
1.57932	0
1.57932	0
1.57932	0
1.57932	0
1.57932	0
1.57932	0
1.57932	-1.16077
1.57932	0
1.57932	0
1.57932	0
1.57932	0
1.57932	0
1.57932	0
1.57932	0
1.57932	0
1.57932	0
1.57932	0
1.57932	0
1.57932	0
1.57932	0
1.57932	0
1.57932	-0.617885
1.57932	0
1.57932	0
1.57932	0
1.57932	0
1.57932	0
1.57932	0
1.57932	-0.517167
1.57932	0
1.57932	0
1.57932	0
1.57932	0
1.57932	0
1.57932	0
1.57932	0
1.57932	0
1.57932	0
1.57932	0
1.57932	0
1.57932	0
1.57932	-0.919554
1.57932	0
1.57932	-0.662249
1.57932	0
1.57932	0
1.57932	-0.0522656
1.57932	0
1.57932	0
1.57932	0
1.57932	0
1.57932	0
1.57932	0
1.57932	-0.585568
1.57932	0
1.57932	0
1.57932	0
1.57932	0
1.57932	0
1.57932	-0.917515
1.57932	0
1.57932	0
1.57932	-1.16422
1.57932	0
1.57932	0
1.57932	0
1.57932	0
1.57932	0
1.57932	0
1.57932	0
1.57932	0
1.57932	0
1.57932	0
1.57932	0
1.57932	-0.0790209
1.57932	-0.347299
1.57932	0
1.57932	0
1.57932	0
1.57932	0
1.57932	0
1.57932	0
1.57932	0
1.57932	0
1.57932	0
1.57932	-0.827881


0	0
0.00874774	0
0.0174955	0
0.0262432	0
0.0349909	0
0.0437387	0
0.0524864	0
0.0612341	0
0.0699819	0
0.0787296	0
0.0874773	0
0.0962251	0
0.104973	0
0.113721	0
0.122468	0
0.131216	0
0.139964	0
0.148711	0
0.157459	0
0.166207	0
0.174955	0
0.183702	0
0.19245	0
0.201198	0
0.209946	0
0.218693	0
0.227441	0
0.236189	0
0.244936	0
0.253684	0
0.262432	0
0.27118	0
0.279927	0
0.288675	0
0.297423	0
0.306171	0
0.314918	0
0.323666	0
0.332414	0
0.341162	0
0.349909	0
0.358657	0
0.367405	0
0.376152	0
0.3849	0
0.393648	0
0.402396	0
0.411143	0
0.419891	0
0.428639	0
0.437387	0
0.446134	0
0.454882	0
0.46363	0
0.472377	0
0.481125	0
0.489873	0
0.498621	0
0.507368	0
0.516116	0
0.524864	0
0.533612	0
0.542359	0
0.551107	0
0.559855	0
0.568603	0
0.57735	0
0.586098	0
0.594846	0
0.603593	0
0.612341	0
0.621089	0
0.629837	0
0.638584	0
0.647332	0
0.65608	0
0.664828	0
0.673575	0
0.682323	0
0.691071	0
0.699819	0
0.708566	0
0.717314	0
0.726062	0
0.734809	0
0.743557	0
0.752305	0
0.761053	0
0.7698	0
0.778548	0
0.787296	0
0.796044	0
0.804791	0
0.813539	0
0.822287	0
0.831034	0
0.839782	0
0.84853	0
0.857278	0
0.866025	0
0.873168	0
0.88031	0
0.887453	0
0.894595	0
0.901738	0
0.90888	0
0.916023	0
0.923165	0
0.930308	0
0.93745	0
0.944593	0
0.951735	0
0.958878	0
0.96602	0
0.973163	0
0.980305	0
0.987448	0
0.99459	0
1.00173	0
1.00888	0
1.01602	0
1.02316	0
1.0303	0
1.03745	0
1.04459	0
1.05173	0
1.05887	0
1.06602	0
1.07316	0
1.0803	0
1.08744	0
1.09459	0
1.10173	0
1.10887	0
1.11601	0
1.12316	0
1.1303	0
1.13744	0
1.14458	0
1.15173	0
1.15887	0
1.16601	0
1.17315	0
1.1803	0
1.18744	0
1.19458	0
1.20172	0
1.20887	0
1.21601	0
1.22315	0
1.23029	0
1.23744	0
1.24458	0
1.25172	0
1.25886	0
1.266	0
1.27315	0
1.28029	0
1.28743	0
1.29457	0
1.30172	0
1.30886	0
1.316	0
1.32314	0
1.33029	0
1.33743	0
1.34457	0
1.35171	0
1.35886	0
1.366	0
1.37314	0
1.38028	0
1.38743	0
1.39457	0
1.40171	0
1.40885	0
1.416	0
1.42314	0
1.43028	0
1.43742	0
1.44457	0
1.45171	0
1.45885	0
1.46599	0
1.47314	0
1.48028	0
1.48742	0
1.49456	0
1.50171	0
1.50885	0
1.51599	0
1.52313	0
1.53028	0
1.53742	0
1.54456	0
1.5517	0
1.55885	0
1.56599	0
1.57313	0
1.57313	0
1.57932	0
1.57932	0
1.57932	0
1.57932	0
1.57932	0
1.57932	0
1.57932	0
1.57932	0
1.57932	0
1.57932	0
1.57932	0
1.57932	0
1.57932	0
1.57932	0
1.57932	0
1.57932	0
1.57932	0
1.57932	0
1.57932	0
1.57932	0
1.57932	0
1.57932	0
1.57932	0
1.57932	0
1.57932	0
1.57932	0
1.57932	0
1.57932	0
1.57932	0
1.57932	0
1.57932	0
1.57932	0
1.57932	0
1.57932	0
1.57932	0
1.57932	0
1.57932	0
1.57932	0
1.57932	0
1.57932	0
1.57932	0
1.57932	0
1.57932	0
1.57932	0
1.57932	0
1.57932	0
1.57932	0
1.57932	0
1.57932	0
1.57932	0
1.57932	0
1.57932	0
1.57932	0
1.57932	0
1.57932	0
1.57932	0
1.57932	0
1.57932	0
1.57932	0
1.57932	0
1.57932	0
1.57932	0
1.57932	0
1.57932	0
1.57932	0
1.57932	0
1.57932	0
1.57932	0
1.57932	0
1.57932	0
1.57932	0
1.57932	0
1.57932	0
1.57932	0
1.57932	0
1.57932	0
1.57932	0
1.57932	0
1.57932	0
1.57932	0
1.57932	0
1.57932	0
1.57932	0
1.57932	0
1.57932	0
1.57932	0
1.57932	0
1.57932	0
1.57932	0
1.57932	0
1.57932	0
1.57932	0
1.57932	0
1.57932	0
1.57932	0
1.57932	0
1.57932	0
1.57932	0
1.57932	0
1.57932	0
1.57932	0
1.57932	0
1.57932	0
1.57932	0
1.57932	0
1.57932	0
1.57932	0
1.57932	0
1.57932	0
1.57932	0
1.57932	0
1.57932	0
1.57932	0
1.57932	0
1.57932	0
1.57932	0
1.57932	0
1.57932	0
1.57932	0
1.57932	0
1.57932	0
1.57932	0
1.57932	0
1.57932	0
1.57932	0
1.57932	0
1.57932	0
1.57932	0
1.57932	0
1.57932	0
1.57932	0
1.57932	0
1.57932	0
1.57932	0
1.57932	0
1.57932	0
1.57932	0
1.57932	0
1.57932	0
1.57932	0
1.57932	0
1.57932	0
1.57932	0
1.57932	0
1.57932	0
1.57932	0
1.57932	0
1.57932	0
1.57932	0
1.57932	0
1.57932	0
1.57932	0
1.57932	0
1.57932	0
1.57932	0
1.57932	0
1.57932	0
1.57932	0
1.57932	0
1.57932	0
1.57932	0
1.57932	0
1.57932	0
1.57932	0
1.57932	0
1.57932	0
1.57932	0
1.57932	0
1.57932	0
1.57932	0
1.57932	0
1.57932	0
1.57932	0
1.57932	0
1.57932	0
1.57932	0
1.57932	0
1.57932	0
1.57932	0
1.57932	0
1.57932	0
1.57932	0
1.57932	0
1.57932	0
1.57932	0
1.57932	0
1.57932	0
1.57932	0
1.57932	0
1.57932	0
1.57932	0
1.57932	0
1.57932	0


0	0
0.00874774	0
0.0174955	0
0.0262432	0
0.0349909	0
0.0437387	0
0.0524864	0
0.0612341	0
0.0699819	0
0.0787296	0
0.0874773	0
0.0962251	0
0.104973	0
0.113721	0
0.122468	0
0.131216	0
0.139964	0
0.148711	0
0.157459	0
0.166207	0
0.174955	0
0.183702	0
0.19245	0
0.201198	0
0.209946	0
0.218693	0
0.227441	0
0.236189	0
0.244936	0
0.253684	0
0.262432	0
0.27118	0
0.279927	0
0.288675	0
0.297423	0
0.306171	0
0.314918	0
0.323666	0
0.332414	0
0.341162	0
0.349909	0
0.358657	0
0.367405	0
0.376152	0
0.3849	0
0.393648	0
0.402396	0
0.411143	0
0.419891	0
0.428639	0
0.437387	0
0.446134	0
0.454882	0
0.46363	0
0.472377	0
0.481125	0
0.489873	0
0.498621	0
0.507368	0
0.516116	0
0.524864	0
0.533612	0
0.542359	0
0.551107	0
0.559855	0
0.568603	0
0.57735	0
0.586098	0
0.594846	0
0.603593	0
0.612341	0
0.621089	0
0.629837	0
0.638584	0
0.647332	0
0.65608	0
0.664828	0
0.673575	0
0.682323	0
0.691071	0
0.699819	0
0.708566	0
0.717314	0
0.726062	0
0.734809	0
0.743557	0
0.752305	0
0.761053	0
0.7698	0
0.778548	0
0.787296	0
0.796044	0
0.804791	0
0.813539	0
0.822287	0
0.831034	0
0.839782	0
0.84853	0
0.857278	0
0.866025	0
0.873168	0
0.88031	0
0.887453	0
0.894595	0
0.901738	0
0.90888	0
0.916023	0
0.923165	0
0.930308	0
0.93745	0
0.944593	0
0.951735	0
0.958878	0
0.96602	0
0.973163	0
0.980305	0
0.987448	0
0.99459	0
1.00173	0
1.00888	0
1.01602	0
1.02316	0
1.0303	0
1.03745	0
1.04459	0
1.05173	0
1.05887	0
1.06602	0
1.07316	0
1.0803	0
1.08744	0
1.09459	0
1.10173	0
1.10887	0
1.11601	0
1.12316	0
1.1303	0
1.13744	0
1.14458	0
1.15173	0
1.15887	0
1.16601	0
1.17315	0
1.1803	0
1.18744	0
1.19458	0
1.20172	0
1.20887	0
1.21601	0
1.22315	0
1.23029	0
1.23744	0
1.24458	0
1.25172	0
1.25886	0
1.266	0
1.27315	0
1.28029	0
1.28743	0
1.29457	0
1.30172	0
1.30886	0
1.316	0
1.32314	0
1.33029	0
1.33743	0
1.34457	0
1.35171	0
1.35886	0
1.366	0
1.37314	0
1.38028	0
1.38743	0
1.39457	0
1.40171	0
1.40885	0
1.416	0
1.42314	0
1.43028	0
1.43742	0
1.44457	0
1.45171	0
1.45885	0
1.46599	0
1.47314	0
1.48028	0
1.48742	0
1.49456	0
1.50171	0
1.50885	0
1.51599	0
1.52313	0
1.53028	0
1.53742	0
1.54456	0
1.5517	0
1.55885	0
1.56599	0
1.57313	0
1.57313	0
1.57932	0
1.57932	0
1.57932	0
1.57932	0
1.57932	0
1.57932	0
1.57932	0
1.57932	0
1.57932	0
1.57932	0
1.57932	0
1.57932	0
1.57932	0
1.57932	0
1.57932	0
1.57932	0
1.57932	0
1.57932	0
1.57932	0
1.57932	0
1.57932	0
1.57932	0
1.57932	0
1.57932	0
1.57932	0
1.57932	0
1.57932	0
1.57932	0
1.57932	0
1.57932	0
1.57932	0
1.57932	0
1.57932	0
1.57932	0
1.57932	0
1.57932	0
1.57932	0
1.57932	0
1.57932	0
1.57932	0
1.57932	0
1.57932	0
1.57932	0
1.57932	0
1.57932	0
1.57932	0
1.57932	0
1.57932	0
1.57932	0
1.57932	0
1.57932	0
1.57932	0
1.57932	0
1.57932	0
1.57932	0
1.57932	0
1.57932	0
1.57932	0
1.57932	0
1.57932	0
1.57932	0
1.57932	0
1.57932	0
1.57932	0
1.57932	0
1.57932	0
1.57932	0
1.57932	0
1.57932	0
1.57932	0
1.57932	0
1.57932	0
1.57932	0
1.57932	0
1.57932	0
1.57932	0
1.57932	0
1.57932	0
1.57932	0
1.57932	0
1.57932	0
1.57932	0
1.57932	0
1.57932	0
1.57932	0
1.57932	0
1.57932	0
1.57932	0
1.57932	0
1.57932	0
1.57932	0
1.57932	0
1.57932	0
1.57932	0
1.57932	0
1.57932	0
1.57932	0
1.57932	0
1.57932	0
1.57932	0
1.57932	0
1.57932	0
1.57932	0
1.57932	0
1.57932	0
1.57932	0
1.57932	0
1.57932	0
1.57932	0
1.57932	0
1.57932	0
1.57932	0
1.57932	0
1.57932	0
1.57932	0
1.57932	0
1.57932	0
1.57932	0
1.57932	0
1.57932	0
1.57932	0
1.57932	0
1.57932	0
1.57932	0
1.57932	0
1.57932	0
1.57932	0
1.57932	0
1.57932	0
1.57932	0
1.57932	0
1.57932	0
1.57932	0
1.57932	0
1.57932	0
1.57932	0
1.57932	0
1.57932	0
1.57932	0
1.57932	0
1.57932	0
1.57932	0
1.57932	0
1.57932	0
1.57932	0
1.57932	0
1.57932	0
1.57932	0
1.57932	0
1.57932	0
1.57932	0
1.57932	0
1.57932	0
1.57932	0
1.57932	0
1.57932	0
1.57932	0
1.57932	0
1.57932	0
1.57932	0
1.57932	0
1.57932	0
1.57932	0
1.57932	0
1.57932	0
1.57932	0
1.57932	0
1.57932	0
1.57932	0
1.57932	0
1.57932	0
1.57932	0
1.57932	0
1.57932	0
1.57932	0
1.57932	0
1.57932	0
1.57932	0
1.57932	0
1.57932	0
1.57932	0
1.57932	0
1.57932	0
1.57932	0
1.57932	0
1.57932	0
1.57932	0
1.57932	0
1.57932	0
1.57932	0
1.57932	0
1.57932	0
1.57932	0


0	0
0.00874774	0
0.0174955	0
0.0262432	0
0.0349909	0
0.0437387	0
0.0524864	0
0.0612341	0
0.0699819	0
0.0787296	0
0.0874773	0
0.0962251	0
0.104973	0
0.113721	0
0.122468	0
0.131216	0
0.139964	0
0.148711	0
0.157459	0
0.166207	0
0.174955	0
0.183702	0
0.19245	0
0.201198	0
0.209946	0
0.218693	0
0.227441	0
0.236189	0
0.244936	0
0.253684	0
0.262432	0
0.27118	0
0.279927	0
0.288675	0
0.297423	0
0.306171	0
0.314918	0
0.323666	0
0.332414	0
0.341162	0
0.349909	0
0.358657	0
0.367405	0
0.376152	0
0.3849	0
0.393648	0
0.402396	0
0.411143	0
0.419891	0
0.428639	0
0.437387	0
0.446134	0
0.454882	0
0.46363	0
0.472377	0
0.481125	0
0.489873	0
0.498621	0
0.507368	0
0.516116	0
0.524864	0
0.533612	0
0.542359	0
0.551107	0
0.559855	0
0.568603	0
0.57735	0
0.586098	0
0.594846	0
0.603593	0
0.612341	0
0.621089	0
0.629837	0
0.638584	0
0.647332	0
0.65608	0
0.664828	0
0.673575	0
0.682323	0
0.691071	0
0.699819	0
0.708566	0
0.717314	0
0.726062	0
0.734809	0
0.743557	0
0.752305	0
0.761053	0
0.7698	0
0.778548	0
0.787296	0
0.796044	0
0.804791	0
0.813539	0
0.822287	0
0.831034	0
0.839782	0
0.84853	0
0.857278	0
0.866025	0
0.873168	0
0.88031	0
0.887453	0
0.894595	0
0.901738	0
0.90888	0
0.916023	0
0.923165	0
0.930308	0
0.93745	0
0.944593	0
0.951735	0
0.958878	0
0.96602	0
0.973163	0
0.980305	0
0.987448	0
0.99459	0
1.00173	0
1.00888	0
1.01602	0
1.02316	0
1.0303	0
1.03745	0
1.04459	0
1.05173	0
1.05887	0
1.06602	0
1.07316	0
1.0803	0
1.08744	0
1.09459	0
1.10173	0
1.10887	0
1.11601	0
1.12316	0
1.1303	0
1.13744	0
1.14458	0
1.15173	0
1.15887	0
1.16601	0
1.17315	0
1.1803	0
1.18744	0
1.19458	0
1.20172	0
1.20887	0
1.21601	0
1.22315	0
1.23029	0
1.23744	0
1.24458	0
1.25172	0
1.25886	0
1.266	0
1.27315	0
1.28029	0
1.28743	0
1.29457	0
1.30172	0
1.30886	0
1.316	0
1.32314	0
1.33029	0
1.33743	0
1.34457	0
1.35171	0
1.35886	0
1.366	0
1.37314	0
1.38028	0
1.38743	0
1.39457	0
1.40171	0
1.40885	0
1.416	0
1.42314	0
1.43028	0
1.43742	0
1.44457	0
1.45171	0
1.45885	0
1.46599	0
1.47314	0
1.48028	0
1.48742	0
1.49456	0
1.50171	0
1.50885	0
1.51599	0
1.52313	0
1.53028	0
1.53742	0
1.54456	0
1.5517	0
1.55885	0
1.56599	0
1.57313	0
1.57313	0
1.57932	0
1.57932	0
1.57932	0
1.57932	0
1.57932	0
1.57932	0
1.57932	0
1.57932	0
1.57932	0
1.57932	0
1.57932	0
1.57932	0
1.57932	0
1.57932	0
1.57932	0
1.57932	0
1.57932	0
1.57932	0
1.57932	0
1.57932	0
1.57932	0
1.57932	0
1.57932	0
1.57932	0
1.57932	0
1.57932	0
1.57932	0
1.57932	0
1.57932	0
1.57932	0
1.57932	0
1.57932	0
1.57932	0
1.57932	0
1.57932	0
1.57932	0
1.57932	0
1.57932	0
1.57932	0
1.57932	0
1.57932	0
1.57932	0
1.57932	0
1.57932	0
1.57932	0
1.57932	0
1.57932	0
1.57932	0
1.57932	0
1.57932	0
1.57932	0
1.57932	0
1.57932	0
1.57932	0
1.57932	0
1.57932	0
1.57932	0
1.57932	0
1.57932	0
1.57932	0
1.57932	0
1.57932	0
1.57932	0
1.57932	0
1.57932	0
1.57932	0
1.57932	0
1.57932	0
1.57932	0
1.57932	0
1.57932	0
1.57932	0
1.57932	0
1.57932	0
1.57932	0
1.57932	0
1.57932	0
1.57932	0
1.57932	0
1.57932	0
1.57932	0
1.57932	0
1.57932	0
1.57932	0
1.57932	0
1.57932	0
1.57932	0
1.57932	0
1.57932	0
1.57932	0
1.57932	0
1.57932	0
1.57932	0
1.57932	0
1.57932	0
1.57932	0
1.57932	0
1.57932	0
1.57932	0
1.57932	0
1.57932	0
1.57932	0
1.57932	0
1.57932	0
1.57932	0
1.57932	0
1.57932	0
1.57932	0
1.57932	0
1.57932	0
1.57932	0
1.57932	0
1.57932	0
1.57932	0
1.57932	0
1.57932	0
1.57932	0
1.57932	0
1.57932	0
1.57932	0
1.57932	0
1.57932	0
1.57932	0
1.57932	0
1.57932	0
1.57932	0
1.57932	0
1.57932	0
1.57932	0
1.57932	0
1.57932	0
1.57932	0
1.57932	0
1.57932	0
1.57932	0
1.57932	0
1.57932	0
1.57932	0
1.57932	0
1.57932	0
1.57932	0
1.57932	0
1.57932	0
1.57932	0
1.57932	0
1.57932	0
1.57932	0
1.57932	0
1.57932	0
1.57932	0
1.57932	0
1.57932	0
1.57932	0
1.57932	0
1.57932	0
1.57932	0
1.57932	0
1.57932	0
1.57932	0
1.57932	0
1.57932	0
1.57932	0
1.57932	0
1.57932	0
1.57932	0
1.57932	0
1.57932	0
1.57932	0
1.57932	0
1.57932	0
1.57932	0
1.57932	0
1.57932	0
1.57932	0
1.57932	0
1.57932	0
1.57932	0
1.57932	0
1.57932	0
1.57932	0
1.57932	0
1.57932	0
1.57932	0
1.57932	0
1.57932	0
1.57932	0
1.57932	0
1.57932	0
1.57932	0
1.57932	0
1.57932	0
1.57932	0
1.57932	0


0	0
0.00874774	0
0.0174955	0
0.0262432	0
0.0349909	0
0.0437387	0
0.0524864	0
0.0612341	0
0.0699819	0
0.0787296	0
0.0874773	0
0.0962251	0
0.104973	0
0.113721	0
0.122468	0
0.131216	0
0.139964	0
0.148711	0
0.157459	0
0.166207	0
0.174955	0
0.183702	0
0.19245	0
0.201198	0
0.209946	0
0.218693	0
0.227441	0
0.236189	0
0.244936	0
0.253684	0
0.262432	0
0.27118	0
0.279927	0
0.288675	0
0.297423	0
0.306171	0
0.314918	0
0.323666	0
0.332414	0
0.341162	0
0.349909	0
0.358657	0
0.367405	0
0.376152	0
0.3849	0
0.393648	0
0.402396	0
0.411143	0
0.419891	0
0.428639	0
0.437387	0
0.446134	0
0.454882	0
0.46363	0
0.472377	0
0.481125	0
0.489873	0
0.498621	0
0.507368	0
0.516116	0
0.524864	0
0.533612	0
0.542359	0
0.551107	0
0.559855	0
0.568603	0
0.57735	0
0.586098	0
0.594846	0
0.603593	0
0.612341	0
0.621089	0
0.629837	0
0.638584	0
0.647332	0
0.65608	0
0.664828	0
0.673575	0
0.682323	0
0.691071	0
0.699819	0
0.708566	0
0.717314	0
0.726062	0
0.734809	0
0.743557	0
0.752305	0
0.761053	0
0.7698	0
0.778548	0
0.787296	0
0.796044	0
0.804791	0
0.813539	0
0.822287	0
0.831034	0
0.839782	0
0.84853	0
0.857278	0
0.866025	0
0.873168	0
0.88031	0
0.887453	0
0.894595	0
0.901738	0
0.90888	0
0.916023	0
0.923165	0
0.930308	0
0.93745	0
0.944593	0
0.951735	0
0.958878	0
0.96602	0
0.973163	0
0.980305	0
0.987448	0
0.99459	0
1.00173	0
1.00888	0
1.01602	0
1.02316	0
1.0303	0
1.03745	0
1.04459	0
1.05173	0
1.05887	0
1.06602	0
1.07316	0
1.0803	0
1.08744	0
1.09459	0
1.10173	0
1.10887	0
1.11601	0
1.12316	0
1.1303	0
1.13744	0
1.14458	0
1.15173	0
1.15887	0
1.16601	0
1.17315	0
1.1803	0
1.18744	0
1.19458	0
1.20172	0
1.20887	0
1.21601	0
1.22315	0
1.23029	0
1.23744	0
1.24458	0
1.25172	0
1.25886	0
1.266	0
1.27315	0
1.28029	0
1.28743	0
1.29457	0
1.30172	0
1.30886	0
1.316	0
1.32314	0
1.33029	0
1.33743	0
1.34457	0
1.35171	0
1.35886	0
1.366	0
1.37314	0
1.38028	0
1.38743	0
1.39457	0
1.40171	0
1.40885	0
1.416	0
1.42314	0
1.43028	0
1.43742	0
1.44457	0
1.45171	0
1.45885	0
1.46599	0
1.47314	0
1.48028	0
1.48742	0
1.49456	0
1.50171	0
1.50885	0
1.51599	0
1.52313	0
1.53028	0
1.53742	0
1.54456	0
1.5517	0
1.55885	0
1.56599	0
1.57313	0
1.57313	0
1.57932	0
1.57932	0
1.57932	0
1.57932	0
1.57932	0
1.57932	0
1.57932	0
1.57932	0
1.57932	0
1.57932	0
1.57932	0
1.57932	0
1.57932	0
1.57932	0
1.57932	0
1.57932	0
1.57932	0
1.57932	0
1.57932	0
1.57932	0
1.57932	0
1.57932	0
1.57932	0
1.57932	0
1.57932	0
1.57932	0
1.57932	0
1.57932	0
1.57932	0
1.57932	0
1.57932	0
1.57932	0
1.57932	0
1.57932	0
1.57932	0
1.57932	0
1.57932	0
1.57932	0
1.57932	0
1.57932	0
1.57932	0
1.57932	0
1.57932	0
1.57932	0
1.57932	0
1.57932	0
1.57932	0
1.57932	0
1.57932	0
1.57932	0
1.57932	0
1.57932	0
1.57932	0
1.57932	0
1.57932	0
1.57932	0
1.57932	0
1.57932	0
1.57932	0
1.57932	0
1.57932	0
1.57932	0
1.57932	0
1.57932	0
1.57932	0
1.57932	0
1.57932	0
1.57932	0
1.57932	0
1.57932	0
1.57932	0
1.57932	0
1.57932	0
1.57932	0
1.57932	0
1.57932	0
1.57932	0
1.57932	0
1.57932	0
1.57932	0
1.57932	0
1.57932	0
1.57932	0
1.57932	0
1.57932	0
1.57932	0
1.57932	0
1.57932	0
1.57932	0
1.57932	0
1.57932	0
1.57932	0
1.57932	0
1.57932	0
1.57932	0
1.57932	0
1.57932	0
1.57932	0
1.57932	0
1.57932	0
1.57932	0
1.57932	0
1.57932	0
1.57932	0
1.57932	0
1.57932	0
1.57932	0
1.57932	0
1.57932	0
1.57932	0
1.57932	0
1.57932	0
1.57932	0
1.57932	0
1.57932	0
1.57932	0
1.57932	0
1.57932	0
1.57932	0
1.57932	0
1.57932	0
1.57932	0
1.57932	0
1.57932	0
1.57932	0
1.57932	0
1.57932	0
1.57932	0
1.57932	0
1.57932	0
1.57932	0
1.57932	0
1.57932	0
1.57932	0
1.57932	0
1.57932	0
1.57932	0
1.57932	0
1.57932	0
1.57932	0
1.57932	0
1.57932	0
1.57932	0
1.57932	0
1.57932	0
1.57932	0
1.57932	0
1.57932	0
1.57932	0
1.57932	0
1.57932	0
1.57932	0
1.57932	0
1.57932	0
1.57932	0
1.57932	0
1.57932	0
1.57932	0
1.57932	0
1.57932	0
1.57932	0
1.57932	0
1.57932	0
1.57932	0
1.57932	0
1.57932	0
1.57932	0
1.57932	0
1.57932	0
1.57932	0
1.57932	0
1.57932	0
1.57932	0
1.57932	0
1.57932	0
1.57932	0
1.57932	0
1.57932	0
1.57932	0
1.57932	0
1.57932	0
1.57932	0
1.57932	0
1.57932	0
1.57932	0
1.57932	0
1.57932	0
1.57932	0
1.57932	0
1.57932	0
1.57932	0
1.57932	0
1.57932	0


0	0
0.00874774	0
0.0174955	0
0.0262432	0
0.0349909	0
0.0437387	0
0.0524864	0
0.0612341	0
0.0699819	0
0.0787296	0
0.0874773	0
0.0962251	0
0.104973	0
0.113721	0
0.122468	0
0.131216	0
0.139964	0
0.148711	0
0.157459	0
0.166207	0
0.174955	0
0.183702	0
0.19245	0
0.201198	0
0.209946	0
0.218693	0
0.227441	0
0.236189	0
0.244936	0
0.253684	0
0.262432	0
0.27118	0
0.279927	0
0.288675	0
0.297423	0
0.306171	0
0.314918	0
0.323666	0
0.332414	0
0.341162	0
0.349909	0
0.358657	0
0.367405	0
0.376152	0
0.3849	0
0.393648	0
0.402396	0
0.411143	0
0.419891	0
0.428639	0
0.437387	0
0.446134	0
0.454882	0
0.46363	0
0.472377	0
0.481125	0
0.489873	0
0.498621	0
0.507368	0
0.516116	0
0.524864	0
0.533612	0
0.542359	0
0.551107	0
0.559855	0
0.568603	0
0.57735	0
0.586098	0
0.594846	0
0.603593	0
0.612341	0
0.621089	0
0.629837	0
0.638584	0
0.647332	0
0.65608	0
0.664828	0
0.673575	0
0.682323	0
0.691071	0
0.699819	0
0.708566	0
0.717314	0
0.726062	0
0.734809	0
0.743557	0
0.752305	0
0.761053	0
0.7698	0
0.778548	0
0.787296	0
0.796044	0
0.804791	0
0.813539	0
0.822287	0
0.831034	0
0.839782	0
0.84853	0
0.857278	0
0.866025	0
0.873168	0
0.88031	0
0.887453	0
0.894595	0
0.901738	0
0.90888	0
0.916023	0
0.923165	0
0.930308	0
0.93745	0
0.944593	0
0.951735	0
0.958878	0
0.96602	0
0.973163	0
0.980305	0
0.987448	0
0.99459	0
1.00173	0
1.00888	0
1.01602	0
1.02316	0
1.0303	0
1.03745	0
1.04459	0
1.05173	0
1.05887	0
1.06602	0
1.07316	0
1.0803	0
1.08744	0
1.09459	0
1.10173	0
1.10887	0
1.11601	0
1.12316	0
1.1303	0
1.13744	0
1.14458	0
1.15173	0
1.15887	0
1.16601	0
1.17315	0
1.1803	0
1.18744	0
1.19458	0
1.20172	0
1.20887	0
1.21601	0
1.22315	0
1.23029	0
1.23744	0
1.24458	0
1.25172	0
1.25886	0
1.266	0
1.27315	0
1.28029	0
1.28743	0
1.29457	0
1.30172	0
1.30886	0
1.316	0
1.32314	0
1.33029	0
1.33743	0
1.34457	0
1.35171	0
1.35886	0
1.366	0
1.37314	0
1.38028	0
1.38743	0
1.39457	0
1.40171	0
1.40885	0
1.416	0
1.42314	0
1.43028	0
1.43742	0
1.44457	0
1.45171	0
1.45885	0
1.46599	0
1.47314	0
1.48028	0
1.48742	0
1.49456	0
1.50171	0
1.50885	0
1.51599	0
1.52313	0
1.53028	0
1.53742	0
1.54456	0
1.5517	0
1.55885	0
1.56599	0
1.57313	0
1.57313	0
1.57932	0
1.57932	0
1.57932	0
1.57932	0
1.57932	0
1.57932	0
1.57932	0
1.57932	0
1.57932	0
1.57932	0
1.57932	0
1.57932	0
1.57932	0
1.57932	0
1.57932	0
1.57932	0
1.57932	0
1.57932	0
1.57932	0
1.57932	0
1.57932	0
1.57932	0
1.57932	0
1.57932	0
1.57932	0
1.57932	0
1.57932	0
1.57932	0
1.57932	0
1.57932	0
1.57932	0
1.57932	0
1.57932	0
1.57932	0
1.57932	0
1.57932	0
1.57932	0
1.57932	0
1.57932	0
1.57932	0
1.57932	0
1.57932	0
1.57932	0
1.57932	0
1.57932	0
1.57932	0
1.57932	0
1.57932	0
1.57932	0
1.57932	0
1.57932	0
1.57932	0
1.57932	0
1.57932	0
1.57932	0
1.57932	0
1.57932	0
1.57932	0
1.57932	0
1.57932	0
1.57932	0
1.57932	0
1.57932	0
1.57932	0
1.57932	0
1.57932	0
1.57932	0
1.57932	0
1.57932	0
1.57932	0
1.57932	0
1.57932	0
1.57932	0
1.57932	0
1.57932	0
1.57932	0
1.57932	0
1.57932	0
1.57932	0
1.57932	0
1.57932	0
1.57932	0
1.57932	0
1.57932	0
1.57932	0
1.57932	0
1.57932	0
1.57932	0
1.57932	0
1.57932	0
1.57932	0
1.57932	0
1.57932	0
1.57932	0
1.57932	0
1.57932	0
1.57932	0
1.57932	0
1.57932	0
1.57932	0
1.57932	0
1.57932	0
1.57932	0
1.57932	0
1.57932	0
1.57932	0
1.57932	0
1.57932	0
1.57932	0
1.57932	0
1.57932	0
1.57932	0
1.57932	0
1.57932	0
1.57932	0
1.57932	0
1.57932	0
1.57932	0
1.57932	0
1.57932	0
1.57932	0
1.57932	0
1.57932	0
1.57932	0
1.57932	0
1.57932	0
1.57932	0
1.57932	0
1.57932	0
1.57932	0
1.57932	0
1.57932	0
1.57932	0
1.57932	0
1.57932	0
1.57932	0
1.57932	0
1.57932	0
1.57932	0
1.57932	0
1.57932	0
1.57932	0
1.57932	0
1.57932	0
1.57932	0
1.57932	0
1.57932	0
1.57932	0
1.57932	0
1.57932	0
1.57932	0
1.57932	0
1.57932	0
1.57932	0
1.57932	0
1.57932	0
1.57932	0
1.57932	0
1.57932	0
1.57932	0
1.57932	0
1.57932	0
1.57932	0
1.57932	0
1.57932	0
1.57932	0
1.57932	0
1.57932	0
1.57932	0
1.57932	0
1.57932	0
1.57932	0
1.57932	0
1.57932	0
1.57932	0
1.57932	0
1.57932	0
1.57932	0
1.57932	0
1.57932	0
1.57932	0
1.57932	0
1.57932	0
1.57932	0
1.57932	0
1.57932	0
1.57932	0
1.57932	0
1.57932	0
1.57932	0
1.57932	0
1.57932	0
1.57932	0


0	0
0.00874774	0
0.0174955	0
0.0262432	0
0.0349909	0
0.0437387	0
0.0524864	0
0.0612341	0
0.0699819	0
0.0787296	0
0.0874773	0
0.0962251	0
0.104973	0
0.113721	0
0.122468	0
0.131216	0
0.139964	0
0.148711	0
0.157459	0
0.166207	0
0.174955	0
0.183702	0
0.19245	0
0.201198	0
0.209946	0
0.218693	0
0.227441	0
0.236189	0
0.244936	0
0.253684	0
0.262432	0
0.27118	0
0.279927	0
0.288675	0
0.297423	0
0.306171	0
0.314918	0
0.323666	0
0.332414	0
0.341162	0
0.349909	0
0.358657	0
0.367405	0
0.376152	0
0.3849	0
0.393648	0
0.402396	0
0.411143	0
0.419891	0
0.428639	0
0.437387	0
0.446134	0
0.454882	0
0.46363	0
0.472377	0
0.481125	0
0.489873	0
0.498621	0
0.507368	0
0.516116	0
0.524864	0
0.533612	0
0.542359	0
0.551107	0
0.559855	0
0.568603	0
0.57735	0
0.586098	0
0.594846	0
0.603593	0
0.612341	0
0.621089	0
0.629837	0
0.638584	0
0.647332	0
0.65608	0
0.664828	0
0.673575	0
0.682323	0
0.691071	0
0.699819	0
0.708566	0
0.717314	0
0.726062	0
0.734809	0
0.743557	0
0.752305	0
0.761053	0
0.7698	0
0.778548	0
0.787296	0
0.796044	0
0.804791	0
0.813539	0
0.822287	0
0.831034	0
0.839782	0
0.84853	0
0.857278	0
0.866025	0
0.873168	0
0.88031	0
0.887453	0
0.894595	0
0.901738	0
0.90888	0
0.916023	0
0.923165	0
0.930308	0
0.93745	0
0.944593	0
0.951735	0
0.958878	0
0.96602	0
0.973163	0
0.980305	0
0.987448	0
0.99459	0
1.00173	0
1.00888	0
1.01602	0
1.02316	0
1.0303	0
1.03745	0
1.04459	0
1.05173	0
1.05887	0
1.06602	0
1.07316	0
1.0803	0
1.08744	0
1.09459	0
1.10173	0
1.10887	0
1.11601	0
1.12316	0
1.1303	0
1.13744	0
1.14458	0
1.15173	0
1.15887	0
1.16601	0
1.17315	0
1.1803	0
1.18744	0
1.19458	0
1.20172	0
1.20887	0
1.21601	0
1.22315	0
1.23029	0
1.23744	0
1.24458	0
1.25172	0
1.25886	0
1.266	0
1.27315	0
1.28029	0
1.28743	0
1.29457	0
1.30172	0
1.30886	0
1.316	0
1.32314	0
1.33029	0
1.33743	0
1.34457	0
1.35171	0
1.35886	0
1.366	0
1.37314	0
1.38028	0
1.38743	0
1.39457	0
1.40171	0
1.40885	0
1.416	0
1.42314	0
1.43028	0
1.43742	0
1.44457	0
1.45171	0
1.45885	0
1.46599	0
1.47314	0
1.48028	0
1.48742	0
1.49456	0
1.50171	0
1.50885	0
1.51599	0
1.52313	0
1.53028	0
1.53742	0
1.54456	0
1.5517	0
1.55885	0
1.56599	0
1.57313	0
1.57313	0
1.57932	0
1.57932	0
1.57932	0
1.57932	0
1.57932	0
1.57932	0
1.57932	0
1.57932	0
1.57932	0
1.57932	0
1.57932	0
1.57932	0
1.57932	0
1.57932	0
1.57932	0
1.57932	0
1.57932	0
1.57932	0
1.57932	0
1.57932	0
1.57932	0
1.57932	0
1.57932	0
1.57932	0
1.57932	0
1.57932	0
1.57932	0
1.57932	0
1.57932	0
1.57932	0
1.57932	0
1.57932	0
1.57932	0
1.57932	0
1.57932	0
1.57932	0
1.57932	0
1.57932	0
1.57932	0
1.57932	0
1.57932	0
1.57932	0
1.57932	0
1.57932	0
1.57932	0
1.57932	0
1.57932	0
1.57932	0
1.57932	0
1.57932	0
1.57932	0
1.57932	0
1.57932	0
1.57932	0
1.57932	0
1.57932	0
1.57932	0
1.57932	0
1.57932	0
1.57932	0
1.57932	0
1.57932	0
1.57932	0
1.57932	0
1.57932	0
1.57932	0
1.57932	0
1.57932	0
1.57932	0
1.57932	0
1.57932	0
1.57932	0
1.57932	0
1.57932	0
1.57932	0
1.57932	0
1.57932	0
1.57932	0
1.57932	0
1.57932	0
1.57932	0
1.57932	0
1.57932	0
1.57932	0
1.57932	0
1.57932	0
1.57932	0
1.57932	0
1.57932	0
1.57932	0
1.57932	0
1.57932	0
1.57932	0
1.57932	0
1.57932	0
1.57932	0
1.57932	0
1.57932	0
1.57932	0
1.57932	0
1.57932	0
1.57932	0
1.57932	0
1.57932	0
1.57932	0
1.57932	0
1.57932	0
1.57932	0
1.57932	0
1.57932	0
1.57932	0
1.57932	0
1.57932	0
1.57932	0
1.57932	0
1.57932	0
1.57932	0
1.57932	0
1.57932	0
1.57932	0
1.57932	0
1.57932	0
1.57932	0
1.57932	0
1.57932	0
1.57932	0
1.57932	0
1.57932	0
1.57932	0
1.57932	0
1.57932	0
1.57932	0
1.57932	0
1.57932	0
1.57932	0
1.57932	0
1.57932	0
1.57932	0
1.57932	0
1.57932	0
1.57932	0
1.57932	0
1.57932	0
1.57932	0
1.57932	0
1.57932	0
1.57932	0
1.57932	0
1.57932	0
1.57932	0
1.57932	0
1.57932	0
1.57932	0
1.57932	0
1.57932	0
1.57932	0
1.57932	0
1.57932	0
1.57932	0
1.57932	0
1.57932	0
1.57932	0
1.57932	0
1.57932	0
1.57932	0
1.57932	0
1.57932	0
1.57932	0
1.57932	0
1.57932	0
1.57932	0
1.57932	0
1.57932	0
1.57932	0
1.57932	0
1.57932	0
1.57932	0
1.57932	0
1.57932	0
1.57932	0
1.57932	0
1.57932	0
1.57932	0
1.57932	0
1.57932	0
1.57932	0
1.57932	0
1.57932	0
1.57932	0
1.57932	0
1.57932	0
1.57932	0
1.57932	0


0	0
0.00874774	0
0.0174955	0
0.0262432	0
0.0349909	0
0.0437387	0
0.0524864	0
0.0612341	0
0.0699819	0
0.0787296	0
0.0874773	0
0.0962251	0
0.104973	0
0.113721	0
0.122468	0
0.131216	0
0.139964	0
0.148711	0
0.157459	0
0.166207	0
0.174955	0
0.183702	0
0.19245	0
0.201198	0
0.209946	0
0.218693	0
0.227441	0
0.236189	0
0.244936	0
0.253684	0
0.262432	0
0.27118	0
0.279927	0
0.288675	0
0.297423	0
0.306171	0
0.314918	0
0.323666	0
0.332414	0
0.341162	0
0.349909	0
0.358657	0
0.367405	0
0.376152	0
0.3849	0
0.393648	0
0.402396	0
0.411143	0
0.419891	0
0.428639	0
0.437387	0
0.446134	0
0.454882	0
0.46363	0
0.472377	0
0.481125	0
0.489873	0
0.498621	0
0.507368	0
0.516116	0
0.524864	0
0.533612	0
0.542359	0
0.551107	0
0.559855	0
0.568603	0
0.57735	0
0.586098	0
0.594846	0
0.603593	0
0.612341	0
0.621089	0
0.629837	0
0.638584	0
0.647332	0
0.65608	0
0.664828	0
0.673575	0
0.682323	0
0.691071	0
0.699819	0
0.708566	0
0.717314	0
0.726062	0
0.734809	0
0.743557	0
0.752305	0
0.761053	0
0.7698	0
0.778548	0
0.787296	0
0.796044	0
0.804791	0
0.813539	0
0.822287	0
0.831034	0
0.839782	0
0.84853	0
0.857278	0
0.866025	0
0.873168	0
0.88031	0
0.887453	0
0.894595	0
0.901738	0
0.90888	0
0.916023	0
0.923165	0
0.930308	0
0.93745	0
0.944593	0
0.951735	0
0.958878	0
0.96602	0
0.973163	0
0.980305	0
0.987448	0
0.99459	0
1.00173	0
1.00888	0
1.01602	0
1.02316	0
1.0303	0
1.03745	0
1.04459	0
1.05173	0
1.05887	0
1.06602	0
1.07316	0
1.0803	0
1.08744	0
1.09459	0
1.10173	0
1.10887	0
1.11601	0
1.12316	0
1.1303	0
1.13744	0
1.14458	0
1.15173	0
1.15887	0
1.16601	0
1.17315	0
1.1803	0
1.18744	0
1.19458	0
1.20172	0
1.20887	0
1.21601	0
1.22315	0
1.23029	0
1.23744	0
1.24458	0
1.25172	0
1.25886	0
1.266	0
1.27315	0
1.28029	0
1.28743	0
1.29457	0
1.30172	0
1.30886	0
1.316	0
1.32314	0
1.33029	0
1.33743	0
1.34457	0
1.35171	0
1.35886	0
1.366	0
1.37314	0
1.38028	0
1.38743	0
1.39457	0
1.40171	0
1.40885	0
1.416	0
1.42314	0
1.43028	0
1.43742	0
1.44457	0
1.45171	0
1.45885	0
1.46599	0
1.47314	0
1.48028	0
1.48742	0
1.49456	0
1.50171	0
1.50885	0
1.51599	0
1.52313	0
1.53028	0
1.53742	0
1.54456	0
1.5517	0
1.55885	0
1.56599	0
1.57313	0
1.57313	0
1.57932	0
1.57932	0
1.57932	0
1.57932	0
1.57932	0
1.57932	0
1.57932	0
1.57932	0
1.57932	0
1.57932	0
1.57932	0
1.57932	0
1.57932	0
1.57932	0
1.57932	0
1.57932	0
1.57932	0
1.57932	0
1.57932	0
1.57932	0
1.57932	0
1.57932	0
1.57932	0
1.57932	0
1.57932	0
1.57932	0
1.57932	0
1.57932	0
1.57932	0
1.57932	0
1.57932	0
1.57932	0
1.57932	0
1.57932	0
1.57932	0
1.57932	0
1.57932	0
1.57932	0
1.57932	0
1.57932	0
1.57932	0
1.57932	0
1.57932	0
1.57932	0
1.57932	0
1.57932	0
1.57932	0
1.57932	0
1.57932	0
1.57932	0
1.57932	0
1.57932	0
1.57932	0
1.57932	0
1.57932	0
1.57932	0
1.57932	0
1.57932	0
1.57932	0
1.57932	0
1.57932	0
1.57932	0
1.57932	0
1.57932	0
1.57932	0
1.57932	0
1.57932	0
1.57932	0
1.57932	0
1.57932	0
1.57932	0
1.57932	0
1.57932	0
1.57932	0
1.57932	0
1.57932	0
1.57932	0
1.57932	0
1.57932	0
1.57932	0
1.57932	0
1.57932	0
1.57932	0
1.57932	0
1.57932	0
1.57932	0
1.57932	0
1.57932	0
1.57932	0
1.57932	0
1.57932	0
1.57932	0
1.57932	0
1.57932	0
1.57932	0
1.57932	0
1.57932	0
1.57932	0
1.57932	0
1.57932	0
1.57932	0
1.57932	0
1.57932	0
1.57932	0
1.57932	0
1.57932	0
1.57932	0
1.57932	0
1.57932	0
1.57932	0
1.57932	0
1.57932	0
1.57932	0
1.57932	0
1.57932	0
1.57932	0
1.57932	0
1.57932	0
1.57932	0
1.57932	0
1.57932	0
1.57932	0
1.57932	0
1.57932	0
1.57932	0
1.57932	0
1.57932	0
1.57932	0
1.57932	0
1.57932	0
1.57932	0
1.57932	0
1.57932	0
1.57932	0
1.57932	0
1.57932	0
1.57932	0
1.57932	0
1.57932	0
1.57932	0
1.57932	0
1.57932	0
1.57932	0
1.57932	0
1.57932	0
1.57932	0
1.57932	0
1.57932	0
1.57932	0
1.57932	0
1.57932	0
1.57932	0
1.57932	0
1.57932	0
1.57932	0
1.57932	0
1.57932	0
1.57932	0
1.57932	0
1.57932	0
1.57932	0
1.57932	0
1.57932	0
1.57932	0
1.57932	0
1.57932	0
1.57932	0
1.57932	0
1.57932	0
1.57932	0
1.57932	0
1.57932	0
1.57932	0
1.57932	0
1.57932	0
1.57932	0
1.57932	0
1.57932	0
1.57932	0
1.57932	0
1.57932	0
1.57932	0
1.57932	0
1.57932	0
1.57932	0
1.57932	0
1.57932	0
1.57932	0
1.57932	0
1.57932	0
1.57932	0
1.57932	0
1.57932	0


0	0
0.00874774	0
0.0174955	0
0.0262432	0
0.0349909	0
0.0437387	0
0.0524864	0
0.0612341	0
0.0699819	0
0.0787296	0
0.0874773	0
0.0962251	0
0.104973	0
0.113721	0
0.122468	0
0.131216	0
0.139964	0
0.148711	0
0.157459	0
0.166207	0
0.174955	0
0.183702	0
0.19245	0
0.201198	0
0.209946	0
0.218693	0
0.227441	0
0.236189	0
0.244936	0
0.253684	0
0.262432	0
0.27118	0
0.279927	0
0.288675	0
0.297423	0
0.306171	0
0.314918	0
0.323666	0
0.332414	0
0.341162	0
0.349909	0
0.358657	0
0.367405	0
0.376152	0
0.3849	0
0.393648	0
0.402396	0
0.411143	0
0.419891	0
0.428639	0
0.437387	0
0.446134	0
0.454882	0
0.46363	0
0.472377	0
0.481125	0
0.489873	0
0.498621	0
0.507368	0
0.516116	0
0.524864	0
0.533612	0
0.542359	0
0.551107	0
0.559855	0
0.568603	0
0.57735	0
0.586098	0
0.594846	0
0.603593	0
0.612341	0
0.621089	0
0.629837	0
0.638584	0
0.647332	0
0.65608	0
0.664828	0
0.673575	0
0.682323	0
0.691071	0
0.699819	0
0.708566	0
0.717314	0
0.726062	0
0.734809	0
0.743557	0
0.752305	0
0.761053	0
0.7698	0
0.778548	0
0.787296	0
0.796044	0
0.804791	0
0.813539	0
0.822287	0
0.831034	0
0.839782	0
0.84853	0
0.857278	0
0.866025	0
0.873168	0
0.88031	0
0.887453	0
0.894595	0
0.901738	0
0.90888	0
0.916023	0
0.923165	0
0.930308	0
0.93745	0
0.944593	0
0.951735	0
0.958878	0
0.96602	0
0.973163	0
0.980305	0
0.987448	0
0.99459	0
1.00173	0
1.00888	0
1.01602	0
1.02316	0
1.0303	0
1.03745	0
1.04459	0
1.05173	0
1.05887	0
1.06602	0
1.07316	0
1.0803	0
1.08744	0
1.09459	0
1.10173	0
1.10887	0
1.11601	0
1.12316	0
1.1303	0
1.13744	0
1.14458	0
1.15173	0
1.15887	0
1.16601	0
1.17315	0
1.1803	0
1.18744	0
1.19458	0
1.20172	0
1.20887	0
1.21601	0
1.22315	0
1.23029	0
1.23744	0
1.24458	0
1.25172	0
1.25886	0
1.266	0
1.27315	0
1.28029	0
1.28743	0
1.29457	0
1.30172	0
1.30886	0
1.316	0
1.32314	0
1.33029	0
1.33743	0
1.34457	0
1.35171	0
1.35886	0
1.366	0
1.37314	0
1.38028	0
1.38743	0
1.39457	0
1.40171	0
1.40885	0
1.416	0
1.42314	0
1.43028	0
1.43742	0
1.44457	0
1.45171	0
1.45885	0
1.46599	0
1.47314	0
1.48028	0
1.48742	0
1.49456	0
1.50171	0
1.50885	0
1.51599	0
1.52313	0
1.53028	0
1.53742	0
1.54456	0
1.5517	0
1.55885	0
1.56599	0
1.57313	0
1.57313	0
1.57932	0
1.57932	0
1.57932	0
1.57932	0
1.57932	0
1.57932	0
1.57932	0
1.57932	0
1.57932	0
1.57932	0.952905
1.57932	0
1.57932	0
1.57932	0
1.57932	0
1.57932	0
1.57932	0
1.57932	0
1.57932	0
1.57932	0
1.57932	0.0865104
1.57932	0
1.57932	0
1.57932	0
1.57932	0
1.57932	0
1.57932	0
1.57932	0
1.57932	0
1.57932	0
1.57932	0
1.57932	0
1.57932	0
1.57932	0
1.57932	0
1.57932	0
1.57932	0.721487
1.57932	0
1.57932	0
1.57932	0
1.57932	0
1.57932	0
1.57932	0
1.57932	0
1.57932	1.16308
1.57932	0
1.57932	0
1.57932	0
1.57932	0
1.57932	0
1.57932	0
1.57932	0
1.57932	0
1.57932	0.407353
1.57932	0
1.57932	0
1.57932	0
1.57932	0
1.57932	0
1.57932	0
1.57932	0
1.57932	0
1.57932	0
1.57932	0
1.57932	0
1.57932	0
1.57932	0
1.57932	0
1.57932	0
1.57932	0
1.57932	0
1.57932	0
1.57932	0
1.57932	0
1.57932	0.909626
1.57932	0
1.57932	0
1.57932	0
1.57932	0
1.57932	0
1.57932	0
1.57932	0
1.57932	0
1.57932	0
1.57932	0
1.57932	0.655723
1.57932	0
1.57932	0
1.57932	0
1.57932	0
1.57932	0
1.57932	0
1.57932	0
1.57932	0
1.57932	0
1.57932	0
1.57932	0
1.57932	0
1.57932	0
1.57932	0
1.57932	0.744901
1.57932	0
1.57932	0
1.57932	0
1.57932	0
1.57932	0
1.57932	0
1.57932	0.954768
1.57932	0
1.57932	0
1.57932	0
1.57932	0
1.57932	0
1.57932	0
1.57932	0
1.57932	0
1.57932	0
1.57932	0
1.57932	0
1.57932	0
1.57932	0
1.57932	0
1.57932	0
1.57932	0
1.57932	0
1.57932	0
1.57932	0
1.57932	0
1.57932	0
1.57932	0
1.57932	0
1.57932	0
1.57932	0
1.57932	0
1.57932	0
1.57932	0
1.57932	0
1.57932	0.620949
1.57932	0
1.57932	0
1.57932	0
1.57932	0
1.57932	0
1.57932	0
1.57932	0
1.57932	0
1.57932	0
1.57932	0
1.57932	1.00002
1.57932	0
1.57932	0
1.57932	0
1.57932	0
1.57932	0
1.57932	0
1.57932	0
1.57932	1.22839
1.57932	0
1.57932	0
1.57932	0
1.57932	0
1.57932	0
1.57932	0
1.57932	0
1.57932	0
1.57932	0
1.57932	0
1.57932	0
1.57932	0
1.57932	0
1.57932	0
1.57932	0.600911
1.57932	0
1.57932	0
1.57932	0
1.57932	0
1.57932	0
1.57932	0
1.57932	0
1.57932	0
1.57932	0
1.57932	0
1.57932	0
1.57932	0
1.57932	0
1.57932	0
1.57932	0
1.57932	0
1.57932	0
1.57932	0
1.57932	0
1.57932	0
1.57932	0
1.57932	0


0	0.818865
0.00874774	0.824324
0.0174955	0.830124
0.0262432	0.83627
0.0349909	0.842764
0.0437387	0.849612
0.0524864	0.856816
0.0612341	0.864381
0.0699819	0.872309
0.0787296	0.880605
0.0874773	0.88927
0.0962251	0.898309
0.104973	0.907724
0.113721	0.917517
0.122468	0.927692
0.131216	0.93825
0.139964	0.949193
0.148711	0.960524
0.157459	0.972244
0.166207	0.984356
0.174955	0.996859
0.183702	1.00976
0.19245	1.02305
0.201198	1.03674
0.209946	1.05082
0.218693	1.0653
0.227441	1.08018
0.236189	1.09546
0.244936	1.11114
0.253684	1.12721
0.262432	1.14368
0.27118	1.16055
0.279927	1.17782
0.288675	1.19548
0.297423	1.21353
0.306171	1.23198
0.314918	1.25082
0.323666	1.27005
0.332414	1.28966
0.341162	1.30967
0.349909	1.33006
0.358657	1.35083
0.367405	1.37198
0.376152	1.39351
0.3849	1.41541
0.393648	1.43769
0.402396	1.46033
0.411143	1.48333
0.419891	1.5067
0.428639	1.53043
0.437387	1.5545
0.446134	1.57893
0.454882	1.6037
0.46363	1.62882
0.472377	1.65427
0.481125	1.68005
0.489873	1.70616
0.498621	1.73259
0.507368	1.75933
0.516116	1.78639
0.524864	1.81376
0.533612	1.84142
0.542359	1.86938
0.551107	1.89762
0.559855	1.92615
0.568603	1.95496
0.57735	1.98403
0.586098	2.01337
0.594846	2.03425
0.603593	2.03444
0.612341	2.03636
0.621089	2.04006
0.629837	2.04561
0.638584	2.05308
0.647332	2.06253
0.65608	2.07403
0.664828	2.08764
0.673575	2.10341
0.682323	2.1214
0.691071	2.14165
0.699819	2.16422
0.708566	2.18914
0.717314	2.21645
0.726062	2.24617
0.734809	2.27834
0.743557	2.31297
0.752305	2.35006
0.761053	2.38961
0.7698	2.43163
0.778548	2.4761
0.787296	2.52299
0.796044	2.57228
0.804791	2.62393
0.813539	2.6779
0.822287	2.73414
0.831034	2.79259
0.839782	2.85318
0.84853	2.91585
0.857278	2.98051
0.866025	3.0471
0.873168	2.99967
0.88031	2.95286
0.887453	2.9067
0.894595	2.86121
0.901738	2.81639
0.90888	2.77226
0.916023	2.72883
0.923165	2.68612
0.930308	2.64414
0.93745	2.60289
0.944593	2.56238
0.951735	2.52263
0.958878	2.48363
0.96602	2.44539
0.973163	2.40792
0.980305	2.37121
0.987448	2.33528
0.99459	2.30012
1.00173	2.26572
1.00888	2.2321
1.01602	2.19924
1.02316	2.16714
1.0303	2.1358
1.03745	2.10522
1.04459	2.07538
1.05173	2.04629
1.05887	2.01793
1.06602	1.99029
1.07316	1.96338
1.0803	1.93717
1.08744	1.91165
1.09459	1.88683
1.10173	1.86269
1.10887	1.83921
1.11601	1.81639
1.12316	1.79421
1.1303	1.77267
1.13744	1.75175
1.14458	1.73144
1.15173	1.71172
1.15887	1.69259
1.16601	1.67403
1.17315	1.65604
1.1803	1.63859
1.18744	1.62168
1.19458	1.60529
1.20172	1.58942
1.20887	1.57404
1.21601	1.55916
1.22315	1.54475
1.23029	1.53081
1.23744	1.51733
1.24458	1.50429
1.25172	1.49168
1.25886	1.47949
1.266	1.46772
1.27315	1.45636
1.28029	1.44538
1.28743	1.43479
1.29457	1.42457
1.30172	1.41472
1.30886	1.40523
1.316	1.39609
1.32314	1.38728
1.33029	1.37881
1.33743	1.37067
1.34457	1.36284
1.35171	1.35532
1.35886	1.3481
1.366	1.34119
1.37314	1.33456
1.38028	1.32822
1.38743	1.32216
1.39457	1.31637
1.40171	1.31085
1.40885	1.30559
1.416	1.30059
1.42314	1.29584
1.43028	1.29134
1.43742	1.28709
1.44457	1.28308
1.45171	1.27931
1.45885	1.27577
1.46599	1.27246
1.47314	1.26938
1.48028	1.26652
1.48742	1.26388
1.49456	1.26147
1.50171	1.25927
1.50885	1.25729
1.51599	1.25552
1.52313	1.25396
1.53028	1.25262
1.53742	1.25148
1.54456	1.25055
1.5517	1.24983
1.55885	1.24931
1.56599	1.249
1.57313	1.2489
1.57313	1.2489
1.57932	1.2276
1.57932	1.40344
1.57932	0.544317
1.57932	0.091879
1.57932	0.723259
1.57932	0.665354
1.57932	1.38907
1.57932	2.05221
1.57932	0
1.57932	1.37565
1.57932	0
1.57932	1.38482
1.57932	0.706831
1.57932	0.572273
1.57932	0.0796796
1.57932	0.305808
1.57932	0.265808
1.57932	1.18399
1.57932	0
1.57932	0.213055
1.57932	0
1.57932	0
1.57932	0
1.57932	0
1.57932	0.461981
1.57932	0.719854
1.57932	0.601314
1.57932	2.45228
1.57932	2.60301
1.57932	0
1.57932	2.24442
1.57932	0.462659
1.57932	0
1.57932	0.20595
1.57932	0.644018
1.57932	1.49711
1.57932	0.580031
1.57932	1.14592
1.57932	0
1.57932	0.573477
1.57932	1.1413
1.57932	0.170587
1.57932	0
1.57932	1.30146
1.57932	1.56859
1.57932	0.57994
1.57932	0.753928
1.57932	0.56847
1.57932	0
1.57932	2.05238
1.57932	0
1.57932	0.237121
1.57932	1.07616
1.57932	0.678745
1.57932	0.540418
1.57932	1.14767
1.57932	0.346851
1.57932	0
1.57932	0.465479
1.57932	1.06861
1.57932	0.468519
1.57932	0.132911
1.57932	0.488941
1.57932	0.361397
1.57932	2.2678
1.57932	0
1.57932	0.681771
1.57932	0.716868
1.57932	0.632649
1.57932	0.350449
1.57932	1.01858
1.57932	2.46289
1.57932	0
1.57932	1.23346
1.57932	0.299546
1.57932	0.496673
1.57932	0.711581
1.57932	0
1.57932	0.420624
1.57932	0.389086
1.57932	1.06202
1.57932	0.446379
1.57932	0.359854
1.57932	0.288881
1.57932	0.99059
1.57932	0
1.57932	0.644543
1.57932	0
1.57932	0.163098
1.57932	0.646083
1.57932	0.242344
1.57932	0.760961
1.57932	2.00326
1.57932	0
1.57932	1.56042
1.57932	0.522321
1.57932	0.000851025
1.57932	0.345742
1.57932	2.3192
1.57932	1.0443
1.57932	0.532958
1.57932	0.627908
1.57932	0
1.57932	1.10294
1.57932	0.541331
1.57932	0
1.57932	1.15187
1.57932	1.81324
1.57932	0.565502
1.57932	0.554986
1.57932	0.310029
1.57932	0.74735
1.57932	0
1.57932	0
1.57932	0.830286
1.57932	0.472876
1.57932	0.752014
1.57932	0.0679204
1.57932	1.34725
1.57932	0.518646
1.57932	0.153922
1.57932	0.47863
1.57932	1.39862
1.57932	0.236621
1.57932	0
1.57932	0
1.57932	1.59319
1.57932	1.77005
1.57932	0
1.57932	1.09068
1.57932	0.449144
1.57932	0.988475
1.57932	0.0740211
1.57932	0.477643
1.57932	2.58862
1.57932	0
1.57932	0.657407
1.57932	0.278782
1.57932	0.349977
1.57932	1.81429
1.57932	0.353085
1.57932	0.485159
1.57932	0.468359
1.57932	0.290447
1.57932	0
1.57932	0.0808521
1.57932	1.55051
1.57932	1.01994
1.57932	0
1.57932	1.26956
1.57932	0
1.57932	0.423096
1.57932	0.184086
1.57932	0
1.57932	1.21448
1.57932	1.31437
1.57932	0
1.57932	1.42776
1.57932	0.46452
1.57932	0.461294
1.57932	0
1.57932	1.19679
1.57932	0.248571
1.57932	0.509586
1.57932	0.902354
1.57932	1.67355
1.57932	0
1.57932	0.289373
1.57932	0
1.57932	0
1.57932	1.38506
1.57932	1.85451
1.57932	1.29897
1.57932	0.528934
1.57932	0.258353
1.57932	0.034287
1.57932	1.01099
1.57932	0
1.57932	1.32267
1.57932	0.31206
1.57932	0
1.57932	0
1.57932	0
1.57932	0.0965082
1.57932	0.713471
1.57932	0.503229
1.57932	2.34566
1.57932	1.40912
1.57932	0.296163
1.57932	0.829619
1.57932	2.91097
1.57932	1.20732
1.57932	0


0	0.818865
0.00874774	0.824324
0.0174955	0.830124
0.0262432	0.83627
0.0349909	0.842764
0.0437387	0.849612
0.0524864	0.856816
0.0612341	0.864381
0.0699819	0.872309
0.0787296	0.880605
0.0874773	0.88927
0.0962251	0.898309
0.104973	0.907724
0.113721	0.917517
0.122468	0.927692
0.131216	0.93825
0.139964	0.949193
0.148711	0.960524
0.157459	0.972244
0.166207	0.984356
0.174955	0.996859
0.183702	1.00976
0.19245	1.02305
0.201198	1.03674
0.209946	1.05082
0.218693	1.0653
0.227441	1.08018
0.236189	1.09546
0.244936	1.11114
0.253684	1.12721
0.262432	1.14368
0.27118	1.16055
0.279927	1.17782
0.288675	1.19548
0.297423	1.21353
0.306171	1.23198
0.314918	1.25082
0.323666	1.27005
0.332414	1.28966
0.341162	1.30967
0.349909	1.33006
0.358657	1.35083
0.367405	1.37198
0.376152	1.39351
0.3849	1.41541
0.393648	1.43769
0.402396	1.46033
0.411143	1.48333
0.419891	1.5067
0.428639	1.53043
0.437387	1.5545
0.446134	1.57893
0.454882	1.6037
0.46363	1.62882
0.472377	1.65427
0.481125	1.68005
0.489873	1.70616
0.498621	1.73259
0.507368	1.75933
0.516116	1.78639
0.524864	1.81376
0.533612	1.84142
0.542359	1.86938
0.551107	1.89762
0.559855	1.92615
0.568603	1.95496
0.57735	1.98403
0.586098	2.01337
0.594846	2.04297
0.603593	2.07281
0.612341	2.1029
0.621089	2.13323
0.629837	2.16378
0.638584	2.19456
0.647332	2.22555
0.65608	2.25675
0.664828	2.28815
0.673575	2.31974
0.682323	2.35151
0.691071	2.38347
0.699819	2.41559
0.708566	2.44787
0.717314	2.48031
0.726062	2.51289
0.734809	2.54561
0.743557	2.57846
0.752305	2.61142
0.761053	2.6445
0.7698	2.67769
0.778548	2.71097
0.787296	2.74433
0.796044	2.77778
0.804791	2.81129
0.813539	2.84486
0.822287	2.87849
0.831034	2.91216
0.839782	2.94586
0.84853	2.97959
0.857278	3.01334
0.866025	3.0471
0.873168	2.99967
0.88031	2.95286
0.887453	2.9067
0.894595	2.86121
0.901738	2.81639
0.90888	2.77226
0.916023	2.72883
0.923165	2.68612
0.930308	2.64414
0.93745	2.60289
0.944593	2.56238
0.951735	2.52263
0.958878	2.48363
0.96602	2.44539
0.973163	2.40792
0.980305	2.37121
0.987448	2.33528
0.99459	2.30012
1.00173	2.26572
1.00888	2.2321
1.01602	2.19924
1.02316	2.16714
1.0303	2.1358
1.03745	2.10522
1.04459	2.07538
1.05173	2.04629
1.05887	2.01793
1.06602	1.99029
1.07316	1.96338
1.0803	1.93717
1.08744	1.91165
1.09459	1.88683
1.10173	1.86269
1.10887	1.83921
1.11601	1.81639
1.12316	1.79421
1.1303	1.77267
1.13744	1.75175
1.14458	1.73144
1.15173	1.71172
1.15887	1.69259
1.16601	1.67403
1.17315	1.65604
1.1803	1.63859
1.18744	1.62168
1.19458	1.60529
1.20172	1.58942
1.20887	1.57404
1.21601	1.55916
1.22315	1.54475
1.23029	1.53081
1.23744	1.51733
1.24458	1.50429
1.25172	1.49168
1.25886	1.47949
1.266	1.46772
1.27315	1.45636
1.28029	1.44538
1.28743	1.43479
1.29457	1.42457
1.30172	1.41472
1.30886	1.40523
1.316	1.39609
1.32314	1.38728
1.33029	1.37881
1.33743	1.37067
1.34457	1.36284
1.35171	1.35532
1.35886	1.3481
1.366	1.34119
1.37314	1.33456
1.38028	1.32822
1.38743	1.32216
1.39457	1.31637
1.40171	1.31085
1.40885	1.30559
1.416	1.30059
1.42314	1.29584
1.43028	1.29134
1.43742	1.28709
1.44457	1.28308
1.45171	1.27931
1.45885	1.27577
1.46599	1.27246
1.47314	1.26938
1.48028	1.26652
1.48742	1.26388
1.49456	1.26147
1.50171	1.25927
1.50885	1.25729
1.51599	1.25552
1.52313	1.25396
1.53028	1.25262
1.53742	1.25148
1.54456	1.25055
1.5517	1.24983
1.55885	1.24931
1.56599	1.249
1.57313	1.2489
1.57313	1.2489
1.57932	1.27049
1.57932	1.42438
1.57932	1.91439
1.57932	1.81737
1.57932	1.20321
1.57932	1.99734
1.57932	2.33104
1.57932	2.06807
1.57932	0.325265
1.57932	1.96848
1.57932	1.23924
1.57932	2.20963
1.57932	1.71026
1.57932	1.03645
1.57932	2.38057
1.57932	1.75245
1.57932	0.429061
1.57932	2.11253
1.57932	0.577804
1.57932	2.10649
1.57932	2.1036
1.57932	0
1.57932	0
1.57932	1.01191
1.57932	1.58132
1.57932	1.19689
1.57932	1.61911
1.57932	2.48957
1.57932	2.73449
1.57932	0.782665
1.57932	2.52029
1.57932	1.57351
1.57932	0.938795
1.57932	0.787373
1.57932	1.50934
1.57932	2.02858
1.57932	1.40447
1.57932	1.44145
1.57932	1.50392
1.57932	1.25618
1.57932	1.38237
1.57932	1.84804
1.57932	0
1.57932	1.60167
1.57932	1.73397
1.57932	1.02311
1.57932	1.17602
1.57932	1.9037
1.57932	0.591755
1.57932	2.19974
1.57932	0
1.57932	1.11923
1.57932	1.73774
1.57932	1.42462
1.57932	1.11292
1.57932	1.75373
1.57932	1.87805
1.57932	1.91563
1.57932	1.61718
1.57932	1.4491
1.57932	1.26692
1.57932	0.682887
1.57932	1.76148
1.57932	1.17523
1.57932	2.57001
1.57932	0.211719
1.57932	2.19385
1.57932	1.03893
1.57932	1.75795
1.57932	1.29185
1.57932	2.10943
1.57932	2.70825
1.57932	0.0713363
1.57932	1.85411
1.57932	1.48042
1.57932	1.43287
1.57932	2.01518
1.57932	0
1.57932	1.83347
1.57932	1.70633
1.57932	1.51847
1.57932	1.27217
1.57932	1.83622
1.57932	1.06631
1.57932	1.09033
1.57932	0
1.57932	1.12529
1.57932	0.0963862
1.57932	1.78037
1.57932	1.07642
1.57932	1.17987
1.57932	2.0183
1.57932	2.20653
1.57932	0
1.57932	2.3229
1.57932	1.17338
1.57932	2.26389
1.57932	1.62438
1.57932	2.3993
1.57932	1.82039
1.57932	1.53497
1.57932	1.01573
1.57932	1.90962
1.57932	1.15593
1.57932	2.04374
1.57932	0
1.57932	1.50654
1.57932	1.97711
1.57932	1.61981
1.57932	1.1155
1.57932	0.819124
1.57932	1.95186
1.57932	1.39799
1.57932	0
1.57932	1.24474
1.57932	1.31437
1.57932	0.975018
1.57932	1.49996
1.57932	1.56586
1.57932	1.88681
1.57932	1.81311
1.57932	1.67597
1.57932	1.93698
1.57932	1.62083
1.57932	0.452543
1.57932	0.196791
1.57932	2.13634
1.57932	2.29832
1.57932	0
1.57932	2.23847
1.57932	1.62204
1.57932	1.5725
1.57932	0.320483
1.57932	1.52129
1.57932	2.60266
1.57932	0
1.57932	1.16701
1.57932	1.64342
1.57932	1.63446
1.57932	1.835
1.57932	1.88069
1.57932	1.49413
1.57932	1.70383
1.57932	0.764232
1.57932	0.237622
1.57932	0.946069
1.57932	1.7395
1.57932	1.59331
1.57932	0
1.57932	2.31862
1.57932	0
1.57932	2.26141
1.57932	1.73019
1.57932	0
1.57932	1.92678
1.57932	1.41028
1.57932	0.204197
1.57932	1.80374
1.57932	1.56693
1.57932	1.54402
1.57932	0
1.57932	1.30713
1.57932	1.97973
1.57932	1.68404
1.57932	1.69769
1.57932	2.00078
1.57932	0
1.57932	1.90136
1.57932	0.0242245
1.57932	0
1.57932	1.93022
1.57932	1.96782
1.57932	2.31644
1.57932	1.42575
1.57932	0.506597
1.57932	0.593003
1.57932	2.19895
1.57932	0.250443
1.57932	2.06799
1.57932	1.55297
1.57932	1.10009
1.57932	0
1.57932	0
1.57932	2.28752
1.57932	0.858648
1.57932	1.75384
1.57932	2.71145
1.57932	1.62308
1.57932	1.64806
1.57932	1.41886
1.57932	2.95834
1.57932	1.43508
1.57932	0


0	3.51679
0.00874774	3.49296
0.0174955	3.46893
0.0262432	3.44471
0.0349909	3.4203
0.0437387	3.3957
0.0524864	3.37093
0.0612341	3.34597
0.0699819	3.32085
0.0787296	3.29557
0.0874773	3.27012
0.0962251	3.24453
0.104973	3.21879
0.113721	3.19291
0.122468	3.16691
0.131216	3.14078
0.139964	3.11453
0.148711	3.08819
0.157459	3.06174
0.166207	3.03521
0.174955	3.0086
0.183702	2.98193
0.19245	2.9552
0.201198	2.92843
0.209946	2.90163
0.218693	2.87481
0.227441	2.84799
0.236189	2.82118
0.244936	2.79439
0.253684	2.76764
0.262432	2.74094
0.27118	2.71432
0.279927	2.68779
0.288675	2.66137
0.297423	2.63508
0.306171	2.60893
0.314918	2.58296
0.323666	2.55717
0.332414	2.53161
0.341162	2.50628
0.349909	2.48121
0.358657	2.45644
0.367405	2.43199
0.376152	2.40788
0.3849	2.38416
0.393648	2.36084
0.402396	2.33797
0.411143	2.31557
0.419891	2.29369
0.428639	2.27236
0.437387	2.25162
0.446134	2.23152
0.454882	2.21208
0.46363	2.19337
0.472377	2.17541
0.481125	2.15827
0.489873	2.14199
0.498621	2.12663
0.507368	2.11223
0.516116	2.09885
0.524864	2.08655
0.533612	2.07538
0.542359	2.06541
0.551107	2.0567
0.559855	2.04931
0.568603	2.0433
0.57735	2.03875
0.586098	2.03571
0.594846	2.04297
0.603593	2.07281
0.612341	2.1029
0.621089	2.13323
0.629837	2.16378
0.638584	2.19456
0.647332	2.22555
0.65608	2.25675
0.664828	2.28815
0.673575	2.31974
0.682323	2.35151
0.691071	2.38347
0.699819	2.41559
0.708566	2.44787
0.717314	2.48031
0.726062	2.51289
0.734809	2.54561
0.743557	2.57846
0.752305	2.61142
0.761053	2.6445
0.7698	2.67769
0.778548	2.71097
0.787296	2.74433
0.796044	2.77778
0.804791	2.81129
0.813539	2.84486
0.822287	2.87849
0.831034	2.91216
0.839782	2.94586
0.84853	2.97959
0.857278	3.01334
0.866025	3.0471
0.873168	3.0471
0.88031	3.0471
0.887453	3.0471
0.894595	3.0471
0.901738	3.0471
0.90888	3.0471
0.916023	3.0471
0.923165	3.0471
0.930308	3.0471
0.93745	3.0471
0.944593	3.0471
0.951735	3.0471
0.958878	3.0471
0.96602	3.0471
0.973163	3.0471
0.980305	3.0471
0.987448	3.0471
0.99459	3.0471
1.00173	3.0471
1.00888	3.0471
1.01602	3.0471
1.02316	3.0471
1.0303	3.0471
1.03745	3.0471
1.04459	3.0471
1.05173	3.0471
1.05887	3.0471
1.06602	3.0471
1.07316	3.0471
1.0803	3.0471
1.08744	3.0471
1.09459	3.0471
1.10173	3.0471
1.10887	3.0471
1.11601	3.0471
1.12316	3.0471
1.1303	3.0471
1.13744	3.0471
1.14458	3.0471
1.15173	3.0471
1.15887	3.0471
1.16601	3.0471
1.17315	3.0471
1.1803	3.0471
1.18744	3.0471
1.19458	3.0471
1.20172	3.0471
1.20887	3.0471
1.21601	3.0471
1.22315	3.0471
1.23029	3.0471
1.23744	3.0471
1.24458	3.0471
1.25172	3.0471
1.25886	3.0471
1.266	3.0471
1.27315	3.0471
1.28029	3.0471
1.28743	3.0471
1.29457	3.0471
1.30172	3.0471
1.30886	3.0471
1.316	3.0471
1.32314	3.0471
1.33029	3.0471
1.33743	3.0471
1.34457	3.0471
1.35171	3.0471
1.35886	3.0471
1.366	3.0471
1.37314	3.0471
1.38028	3.0471
1.38743	3.0471
1.39457	3.0471
1.40171	3.0471
1.40885	3.0471
1.416	3.0471
1.42314	3.0471
1.43028	3.0471
1.43742	3.0471
1.44457	3.0471
1.45171	3.0471
1.45885	3.0471
1.46599	3.0471
1.47314	3.0471
1.48028	3.0471
1.48742	3.0471
1.49456	3.0471
1.50171	3.0471
1.50885	3.0471
1.51599	3.0471
1.52313	3.0471
1.53028	3.0471
1.53742	3.0471
1.54456	3.0471
1.5517	3.0471
1.55885	3.0471
1.56599	3.0471
1.57313	3.0471
1.57313	3.0471
1.57932	3.02217
1.57932	3.10433
1.57932	2.48099
1.57932	2.46031
1.57932	3.05328
1.57932	2.22377
1.57932	2.80883
1.57932	2.08403
1.57932	4.11984
1.57932	2.09618
1.57932	3.03275
1.57932	3.04338
1.57932	2.52866
1.57932	3.91336
1.57932	2.42455
1.57932	2.69719
1.57932	4.01544
1.57932	3.06687
1.57932	4.01708
1.57932	2.85213
1.57932	2.44043
1.57932	5.31983
1.57932	5.11178
1.57932	3.27616
1.57932	2.93355
1.57932	3.06515
1.57932	2.61255
1.57932	2.52732
1.57932	2.87122
1.57932	3.54725
1.57932	2.82261
1.57932	3.07948
1.57932	3.46654
1.57932	3.68141
1.57932	2.7655
1.57932	2.12068
1.57932	2.95771
1.57932	2.89097
1.57932	3.03294
1.57932	3.83962
1.57932	2.89634
1.57932	2.92286
1.57932	5.67092
1.57932	2.21736
1.57932	2.77375
1.57932	3.76867
1.57932	3.05069
1.57932	2.30408
1.57932	4.01525
1.57932	3.16839
1.57932	5.70399
1.57932	3.70549
1.57932	2.73752
1.57932	2.83045
1.57932	3.75673
1.57932	2.28255
1.57932	2.96321
1.57932	2.8046
1.57932	2.94575
1.57932	2.82845
1.57932	3.76997
1.57932	3.67526
1.57932	2.84036
1.57932	3.62037
1.57932	2.90354
1.57932	4.31851
1.57932	2.31171
1.57932	3.29329
1.57932	2.5131
1.57932	2.97422
1.57932	2.49891
1.57932	2.97277
1.57932	4.5016
1.57932	2.55905
1.57932	3.16629
1.57932	3.05551
1.57932	2.28784
1.57932	5.94687
1.57932	3.16647
1.57932	2.74043
1.57932	2.81276
1.57932	3.55828
1.57932	2.51223
1.57932	3.24796
1.57932	2.97185
1.57932	6.04732
1.57932	3.81207
1.57932	4.39092
1.57932	2.786
1.57932	3.33269
1.57932	3.09912
1.57932	2.37784
1.57932	2.42644
1.57932	5.37475
1.57932	2.66388
1.57932	3.71792
1.57932	2.27292
1.57932	2.77724
1.57932	2.87322
1.57932	2.462
1.57932	2.85832
1.57932	3.99977
1.57932	2.46927
1.57932	3.73871
1.57932	2.66696
1.57932	5.63091
1.57932	3.1749
1.57932	2.34169
1.57932	3.2761
1.57932	3.46805
1.57932	3.5998
1.57932	2.32323
1.57932	3.31221
1.57932	6.3056
1.57932	3.32025
1.57932	3.58582
1.57932	3.34464
1.57932	3.2863
1.57932	2.91751
1.57932	2.65038
1.57932	2.88297
1.57932	2.82541
1.57932	2.7782
1.57932	2.61631
1.57932	3.99772
1.57932	4.35304
1.57932	2.77463
1.57932	2.78126
1.57932	5.43911
1.57932	2.47168
1.57932	2.97038
1.57932	2.6835
1.57932	4.27683
1.57932	2.81791
1.57932	2.61677
1.57932	5.41977
1.57932	3.16412
1.57932	2.82095
1.57932	3.24316
1.57932	2.97716
1.57932	2.41331
1.57932	3.54612
1.57932	2.73551
1.57932	3.9176
1.57932	4.43279
1.57932	3.47835
1.57932	2.74258
1.57932	2.51339
1.57932	5.96782
1.57932	2.61334
1.57932	5.50882
1.57932	2.38614
1.57932	2.83035
1.57932	5.05602
1.57932	2.26545
1.57932	2.79355
1.57932	4.2614
1.57932	2.8595
1.57932	2.9872
1.57932	2.95626
1.57932	5.48345
1.57932	2.9806
1.57932	2.84002
1.57932	2.73119
1.57932	2.60884
1.57932	2.3816
1.57932	6.01794
1.57932	2.42004
1.57932	4.91767
1.57932	6.31083
1.57932	2.30866
1.57932	2.45945
1.57932	2.74851
1.57932	3.53706
1.57932	4.10008
1.57932	3.81191
1.57932	2.84061
1.57932	4.50021
1.57932	2.6765
1.57932	3.34506
1.57932	3.17992
1.57932	4.71268
1.57932	5.38033
1.57932	2.47526
1.57932	3.71472
1.57932	2.68403
1.57932	3.01489
1.57932	2.96118
1.57932	3.1682
1.57932	2.87255
1.57932	3.00632
1.57932	2.92921
1.57932	5.86942


0	5.27533
0.00874774	5.26988
0.0174955	5.26408
0.0262432	5.25793
0.0349909	5.25144
0.0437387	5.24459
0.0524864	5.23738
0.0612341	5.22982
0.0699819	5.22189
0.0787296	5.2136
0.0874773	5.20493
0.0962251	5.19589
0.104973	5.18648
0.113721	5.17668
0.122468	5.16651
0.131216	5.15595
0.139964	5.14501
0.148711	5.13368
0.157459	5.12196
0.166207	5.10984
0.174955	5.09734
0.183702	5.08444
0.19245	5.07115
0.201198	5.05746
0.209946	5.04338
0.218693	5.0289
0.227441	5.01402
0.236189	4.99874
0.244936	4.98306
0.253684	4.96699
0.262432	4.95052
0.27118	4.93365
0.279927	4.91638
0.288675	4.89872
0.297423	4.88067
0.306171	4.86222
0.314918	4.84338
0.323666	4.82415
0.332414	4.80454
0.341162	4.78453
0.349909	4.76414
0.358657	4.74337
0.367405	4.72222
0.376152	4.70069
0.3849	4.67879
0.393648	4.65651
0.402396	4.63387
0.411143	4.61087
0.419891	4.5875
0.428639	4.56377
0.437387	4.5397
0.446134	4.51527
0.454882	4.4905
0.46363	4.46538
0.472377	4.43993
0.481125	4.41415
0.489873	4.38804
0.498621	4.36161
0.507368	4.33487
0.516116	4.30781
0.524864	4.28044
0.533612	4.25278
0.542359	4.22482
0.551107	4.19658
0.559855	4.16805
0.568603	4.13924
0.57735	4.11017
0.586098	4.08083
0.594846	4.05123
0.603593	4.02139
0.612341	3.9913
0.621089	3.96097
0.629837	3.93042
0.638584	3.89964
0.647332	3.86865
0.65608	3.83745
0.664828	3.80605
0.673575	3.77446
0.682323	3.74269
0.691071	3.71073
0.699819	3.67861
0.708566	3.64633
0.717314	3.61389
0.726062	3.58131
0.734809	3.54859
0.743557	3.51574
0.752305	3.48278
0.761053	3.4497
0.7698	3.41651
0.778548	3.38323
0.787296	3.34987
0.796044	3.31642
0.804791	3.28291
0.813539	3.24934
0.822287	3.21571
0.831034	3.18204
0.839782	3.14834
0.84853	3.11461
0.857278	3.08086
0.866025	3.0471
0.873168	3.0471
0.88031	3.0471
0.887453	3.0471
0.894595	3.0471
0.901738	3.0471
0.90888	3.0471
0.916023	3.0471
0.923165	3.0471
0.930308	3.0471
0.93745	3.0471
0.944593	3.0471
0.951735	3.0471
0.958878	3.0471
0.96602	3.0471
0.973163	3.0471
0.980305	3.0471
0.987448	3.0471
0.99459	3.0471
1.00173	3.0471
1.00888	3.0471
1.01602	3.0471
1.02316	3.0471
1.0303	3.0471
1.03745	3.0471
1.04459	3.0471
1.05173	3.0471
1.05887	3.0471
1.06602	3.0471
1.07316	3.0471
1.0803	3.0471
1.08744	3.0471
1.09459	3.0471
1.10173	3.0471
1.10887	3.0471
1.11601	3.0471
1.12316	3.0471
1.1303	3.0471
1.13744	3.0471
1.14458	3.0471
1.15173	3.0471
1.15887	3.0471
1.16601	3.0471
1.17315	3.0471
1.1803	3.0471
1.18744	3.0471
1.19458	3.0471
1.20172	3.0471
1.20887	3.0471
1.21601	3.0471
1.22315	3.0471
1.23029	3.0471
1.23744	3.0471
1.24458	3.0471
1.25172	3.0471
1.25886	3.0471
1.266	3.0471
1.27315	3.0471
1.28029	3.0471
1.28743	3.0471
1.29457	3.0471
1.30172	3.0471
1.30886	3.0471
1.316	3.0471
1.32314	3.0471
1.33029	3.0471
1.33743	3.0471
1.34457	3.0471
1.35171	3.0471
1.35886	3.0471
1.366	3.0471
1.37314	3.0471
1.38028	3.0471
1.38743	3.0471
1.39457	3.0471
1.40171	3.0471
1.40885	3.0471
1.416	3.0471
1.42314	3.0471
1.43028	3.0471
1.43742	3.0471
1.44457	3.0471
1.45171	3.0471
1.45885	3.0471
1.46599	3.0471
1.47314	3.0471
1.48028	3.0471
1.48742	3.0471
1.49456	3.0471
1.50171	3.0471
1.50885	3.0471
1.51599	3.0471
1.52313	3.0471
1.53028	3.0471
1.53742	3.0471
1.54456	3.0471
1.5517	3.0471
1.55885	3.0471
1.56599	3.0471
1.57313	3.0471
1.57313	3.0471
1.57932	3.07203
1.57932	3.149
1.57932	4.17981
1.57932	5.12125
1.57932	4.89099
1.57932	4.14741
1.57932	3.73705
1.57932	4.01025
1.57932	5.34333
1.57932	4.22352
1.57932	5.22912
1.57932	3.40176
1.57932	3.90048
1.57932	4.49902
1.57932	3.88953
1.57932	4.85615
1.57932	4.27103
1.57932	3.19343
1.57932	5.19258
1.57932	3.26026
1.57932	5.32006
1.57932	6.14482
1.57932	5.2727
1.57932	5.2242
1.57932	4.54091
1.57932	4.89731
1.57932	4.84775
1.57932	3.56728
1.57932	3.22793
1.57932	5.47502
1.57932	3.29588
1.57932	4.52069
1.57932	5.636
1.57932	4.48268
1.57932	4.58487
1.57932	3.97514
1.57932	4.68973
1.57932	3.20323
1.57932	5.36385
1.57932	3.89354
1.57932	3.19786
1.57932	4.44068
1.57932	6.23091
1.57932	4.01993
1.57932	3.32045
1.57932	5.07109
1.57932	4.9517
1.57932	4.77452
1.57932	5.28576
1.57932	3.32773
1.57932	6.24802
1.57932	4.9392
1.57932	3.41621
1.57932	4.66958
1.57932	4.93039
1.57932	4.39244
1.57932	4.28815
1.57932	4.3021
1.57932	4.47702
1.57932	3.26575
1.57932	3.91761
1.57932	4.552
1.57932	4.34686
1.57932	4.73451
1.57932	3.21973
1.57932	4.91728
1.57932	3.90035
1.57932	5.06609
1.57932	4.33625
1.57932	4.62592
1.57932	3.59529
1.57932	3.13953
1.57932	5.30886
1.57932	4.43661
1.57932	5.21027
1.57932	4.66196
1.57932	3.80636
1.57932	6.24629
1.57932	3.43685
1.57932	4.66541
1.57932	3.29829
1.57932	5.00842
1.57932	4.33147
1.57932	4.80234
1.57932	4.2028
1.57932	6.31153
1.57932	4.46171
1.57932	5.67228
1.57932	5.26211
1.57932	5.10112
1.57932	4.87016
1.57932	3.71636
1.57932	3.68202
1.57932	5.43226
1.57932	3.43032
1.57932	4.84504
1.57932	5.33114
1.57932	5.0728
1.57932	3.30276
1.57932	4.38491
1.57932	4.55923
1.57932	4.05518
1.57932	5.40561
1.57932	3.96222
1.57932	4.37089
1.57932	6.00314
1.57932	4.66692
1.57932	3.75251
1.57932	4.47439
1.57932	5.02039
1.57932	4.74515
1.57932	3.77231
1.57932	4.7078
1.57932	6.35746
1.57932	3.81533
1.57932	3.77609
1.57932	5.11918
1.57932	4.60307
1.57932	3.48513
1.57932	4.24839
1.57932	4.94872
1.57932	4.41823
1.57932	3.316
1.57932	4.94609
1.57932	4.80415
1.57932	5.12386
1.57932	3.31957
1.57932	3.31294
1.57932	6.05466
1.57932	3.62252
1.57932	4.51277
1.57932	3.4107
1.57932	4.88083
1.57932	4.98423
1.57932	3.47748
1.57932	5.45361
1.57932	4.10228
1.57932	5.14556
1.57932	4.26332
1.57932	3.11704
1.57932	4.98219
1.57932	3.71034
1.57932	4.46531
1.57932	4.58101
1.57932	5.44448
1.57932	4.68212
1.57932	3.35162
1.57932	3.8768
1.57932	6.0964
1.57932	3.72201
1.57932	6.07473
1.57932	4.558
1.57932	5.26075
1.57932	5.06256
1.57932	3.82875
1.57932	4.68908
1.57932	5.75283
1.57932	3.2347
1.57932	4.52727
1.57932	4.59797
1.57932	5.7796
1.57932	3.1136
1.57932	4.10539
1.57932	4.41016
1.57932	3.48536
1.57932	3.75791
1.57932	6.03715
1.57932	5.04478
1.57932	5.01943
1.57932	6.34484
1.57932	3.9953
1.57932	3.75859
1.57932	3.77776
1.57932	4.39221
1.57932	4.76413
1.57932	4.94404
1.57932	3.97777
1.57932	5.90633
1.57932	3.42274
1.57932	4.17221
1.57932	5.23094
1.57932	4.92429
1.57932	5.38125
1.57932	4.12696
1.57932	5.24642
1.57932	4.34036
1.57932	3.12149
1.57932	3.82304
1.57932	4.54611
1.57932	3.56685
1.57932	3.08849
1.57932	3.16499
1.57932	6.21301


0	5.27533
0.00874774	5.26988
0.0174955	5.26408
0.0262432	5.25793
0.0349909	5.25144
0.0437387	5.24459
0.0524864	5.23738
0.0612341	5.22982
0.0699819	5.22189
0.0787296	5.2136
0.0874773	5.20493
0.0962251	5.19589
0.104973	5.18648
0.113721	5.17668
0.122468	5.16651
0.131216	5.15595
0.139964	5.14501
0.148711	5.13368
0.157459	5.12196
0.166207	5.10984
0.174955	5.09734
0.183702	5.08444
0.19245	5.07115
0.201198	5.05746
0.209946	5.04338
0.218693	5.0289
0.227441	5.01402
0.236189	4.99874
0.244936	4.98306
0.253684	4.96699
0.262432	4.95052
0.27118	4.93365
0.279927	4.91638
0.288675	4.89872
0.297423	4.88067
0.306171	4.86222
0.314918	4.84338
0.323666	4.82415
0.332414	4.80454
0.341162	4.78453
0.349909	4.76414
0.358657	4.74337
0.367405	4.72222
0.376152	4.70069
0.3849	4.67879
0.393648	4.65651
0.402396	4.63387
0.411143	4.61087
0.419891	4.5875
0.428639	4.56377
0.437387	4.5397
0.446134	4.51527
0.454882	4.4905
0.46363	4.46538
0.472377	4.43993
0.481125	4.41415
0.489873	4.38804
0.498621	4.36161
0.507368	4.33487
0.516116	4.30781
0.524864	4.28044
0.533612	4.25278
0.542359	4.22482
0.551107	4.19658
0.559855	4.16805
0.568603	4.13924
0.57735	4.11017
0.586098	4.08083
0.594846	4.05123
0.603593	4.02139
0.612341	3.9913
0.621089	3.96097
0.629837	3.93042
0.638584	3.89964
0.647332	3.86865
0.65608	3.83745
0.664828	3.80605
0.673575	3.77446
0.682323	3.74269
0.691071	3.71073
0.699819	3.67861
0.708566	3.64633
0.717314	3.61389
0.726062	3.58131
0.734809	3.54859
0.743557	3.51574
0.752305	3.48278
0.761053	3.4497
0.7698	3.41651
0.778548	3.38323
0.787296	3.34987
0.796044	3.31642
0.804791	3.28291
0.813539	3.24934
0.822287	3.21571
0.831034	3.18204
0.839782	3.14834
0.84853	3.11461
0.857278	3.08086
0.866025	3.0471
0.873168	3.09514
0.88031	3.14378
0.887453	3.19299
0.894595	3.24275
0.901738	3.29305
0.90888	3.34385
0.916023	3.39514
0.923165	3.44689
0.930308	3.49908
0.93745	3.55169
0.944593	3.60468
0.951735	3.65804
0.958878	3.71174
0.96602	3.76575
0.973163	3.82004
0.980305	3.8746
0.987448	3.92938
0.99459	3.98437
1.00173	4.03954
1.00888	4.09485
1.01602	4.15028
1.02316	4.20581
1.0303	4.26141
1.03745	4.31704
1.04459	4.37268
1.05173	4.4283
1.05887	4.48388
1.06602	4.53939
1.07316	4.5948
1.0803	4.65008
1.08744	4.70521
1.09459	4.76015
1.10173	4.81489
1.10887	4.8694
1.11601	4.92365
1.12316	4.97762
1.1303	5.03127
1.13744	5.08459
1.14458	5.13755
1.15173	5.19013
1.15887	5.2423
1.16601	5.29403
1.17315	5.34532
1.1803	5.39612
1.18744	5.44642
1.19458	5.4962
1.20172	5.54543
1.20887	5.5941
1.21601	5.64218
1.22315	5.68965
1.23029	5.73648
1.23744	5.78267
1.24458	5.8282
1.25172	5.87303
1.25886	5.91715
1.266	5.96055
1.27315	6.00321
1.28029	6.0451
1.28743	6.08622
1.29457	6.12654
1.30172	6.16605
1.30886	6.20473
1.316	6.24256
1.32314	6.27954
1.33029	6.31564
1.33743	6.35086
1.34457	6.38517
1.35171	6.41857
1.35886	6.45104
1.366	6.48257
1.37314	6.51314
1.38028	6.54275
1.38743	6.57139
1.39457	6.59903
1.40171	6.62567
1.40885	6.65131
1.416	6.67593
1.42314	6.69952
1.43028	6.72207
1.43742	6.74358
1.44457	6.76403
1.45171	6.78342
1.45885	6.80174
1.46599	6.81899
1.47314	6.83515
1.48028	6.85023
1.48742	6.86421
1.49456	6.87709
1.50171	6.88887
1.50885	6.89954
1.51599	6.90909
1.52313	6.91753
1.53028	6.92486
1.53742	6.93106
1.54456	6.93613
1.5517	6.94008
1.55885	6.9429
1.56599	6.9446
1.57313	6.94516
1.57313	6.94516
1.57932	6.93766
1.57932	5.88993
1.57932	6.41088
1.57932	6.03455
1.57932	5.4709
1.57932	6.11787
1.57932	3.76316
1.57932	4.02613
1.57932	6.76549
1.57932	4.71855
1.57932	6.151
1.57932	3.88457
1.57932	6.42733
1.57932	5.1792
1.57932	5.44777
1.57932	6.06541
1.57932	6.88709
1.57932	4.24698
1.57932	6.13708
1.57932	5.40594
1.57932	5.52856
1.57932	6.81542
1.57932	6.59249
1.57932	6.17518
1.57932	6.15489
1.57932	5.47324
1.57932	5.49289
1.57932	3.60463
1.57932	3.35971
1.57932	6.39552
1.57932	3.57391
1.57932	5.77993
1.57932	6.48631
1.57932	6.48572
1.57932	5.77616
1.57932	5.0302
1.57932	5.81231
1.57932	6.72222
1.57932	5.6888
1.57932	4.83802
1.57932	6.82831
1.57932	5.37358
1.57932	6.87322
1.57932	4.49253
1.57932	5.17682
1.57932	5.20063
1.57932	5.38225
1.57932	5.52573
1.57932	6.05976
1.57932	3.92054
1.57932	6.81555
1.57932	5.02714
1.57932	5.28085
1.57932	5.6559
1.57932	4.98128
1.57932	5.03559
1.57932	4.97033
1.57932	5.62216
1.57932	6.16511
1.57932	6.87449
1.57932	5.20579
1.57932	6.69133
1.57932	5.89056
1.57932	5.09449
1.57932	3.52419
1.57932	6.54768
1.57932	6.06253
1.57932	5.41297
1.57932	6.02775
1.57932	5.96683
1.57932	5.45984
1.57932	3.38595
1.57932	6.40868
1.57932	4.86074
1.57932	5.66803
1.57932	5.98543
1.57932	6.62637
1.57932	7.11017
1.57932	5.07739
1.57932	6.12779
1.57932	6.72761
1.57932	5.01103
1.57932	6.58622
1.57932	5.80532
1.57932	5.15327
1.57932	7.06558
1.57932	4.9781
1.57932	6.62392
1.57932	5.79753
1.57932	5.44812
1.57932	5.85186
1.57932	6.51322
1.57932	3.88767
1.57932	6.48622
1.57932	4.3318
1.57932	4.92082
1.57932	5.50399
1.57932	5.74846
1.57932	3.6949
1.57932	5.13011
1.57932	6.00468
1.57932	5.07847
1.57932	6.18006
1.57932	4.99126
1.57932	4.99534
1.57932	6.96802
1.57932	4.94233
1.57932	4.38928
1.57932	4.57185
1.57932	5.6447
1.57932	5.78417
1.57932	6.60377
1.57932	5.6968
1.57932	7.25547
1.57932	5.86377
1.57932	5.21048
1.57932	5.36473
1.57932	5.27059
1.57932	5.36674
1.57932	5.62484
1.57932	5.35308
1.57932	6.25278
1.57932	5.14485
1.57932	5.85758
1.57932	6.83287
1.57932	6.34366
1.57932	4.59668
1.57932	4.22029
1.57932	6.99394
1.57932	5.05644
1.57932	6.0156
1.57932	6.73197
1.57932	6.1404
1.57932	5.61656
1.57932	3.49154
1.57932	6.85441
1.57932	4.92719
1.57932	5.81542
1.57932	5.06244
1.57932	4.84937
1.57932	5.74112
1.57932	4.95809
1.57932	6.21185
1.57932	5.83084
1.57932	6.29734
1.57932	6.50454
1.57932	5.18
1.57932	4.50089
1.57932	7.06224
1.57932	4.33909
1.57932	7.00922
1.57932	5.03023
1.57932	5.88281
1.57932	6.1482
1.57932	5.36695
1.57932	4.77983
1.57932	6.66595
1.57932	5.35241
1.57932	6.16783
1.57932	6.09728
1.57932	6.78345
1.57932	6.90756
1.57932	5.18644
1.57932	6.20046
1.57932	6.77872
1.57932	4.09342
1.57932	7.01823
1.57932	5.80483
1.57932	6.14969
1.57932	7.26197
1.57932	5.16479
1.57932	4.23969
1.57932	3.90648
1.57932	4.68435
1.57932	5.83585
1.57932	6.20029
1.57932	4.24969
1.57932	6.01448
1.57932	5.00158
1.57932	5.28499
1.57932	6.16989
1.57932	6.92323
1.57932	6.44175
1.57932	5.39788
1.57932	5.38073
1.57932	6.29272
1.57932	3.38275
1.57932	4.68508
1.57932	5.13362
1.57932	6.83018
1.57932	3.13586
1.57932	6.56764
1.57932	6.92748


0	6.31269
0.00874774	6.36945
0.0174955	6.42469
0.0262432	6.47835
0.0349909	6.53039
0.0437387	6.58077
0.0524864	6.62944
0.0612341	6.67637
0.0699819	6.7215
0.0787296	6.7648
0.0874773	6.80623
0.0962251	6.84575
0.104973	6.88333
0.113721	6.91894
0.122468	6.95254
0.131216	6.98409
0.139964	7.01358
0.148711	7.04096
0.157459	7.06622
0.166207	7.08933
0.174955	7.11026
0.183702	7.12899
0.19245	7.1455
0.201198	7.15977
0.209946	7.17179
0.218693	7.18153
0.227441	7.18899
0.236189	7.19416
0.244936	7.19701
0.253684	7.19755
0.262432	7.19576
0.27118	7.19165
0.279927	7.1852
0.288675	7.17642
0.297423	7.16531
0.306171	7.15186
0.314918	7.13609
0.323666	7.118
0.332414	7.09759
0.341162	7.07488
0.349909	7.04988
0.358657	7.0226
0.367405	6.99305
0.376152	6.96127
0.3849	6.92725
0.393648	6.89103
0.402396	6.85263
0.411143	6.81207
0.419891	6.76939
0.428639	6.7246
0.437387	6.67775
0.446134	6.62886
0.454882	6.57796
0.46363	6.52511
0.472377	6.47033
0.481125	6.41367
0.489873	6.35517
0.498621	6.29488
0.507368	6.23284
0.516116	6.1691
0.524864	6.10371
0.533612	6.03674
0.542359	5.96823
0.551107	5.89823
0.559855	5.82682
0.568603	5.75405
0.57735	5.67999
0.586098	5.6047
0.594846	5.52826
0.603593	5.45072
0.612341	5.37217
0.621089	5.29268
0.629837	5.21232
0.638584	5.13118
0.647332	5.04933
0.65608	4.96686
0.664828	4.88385
0.673575	4.8004
0.682323	4.71658
0.691071	4.6325
0.699819	4.54824
0.708566	4.46389
0.717314	4.37956
0.726062	4.29535
0.734809	4.21135
0.743557	4.12766
0.752305	4.04438
0.761053	3.96163
0.7698	3.8795
0.778548	3.7981
0.787296	3.71753
0.796044	3.6379
0.804791	3.55931
0.813539	3.48188
0.822287	3.4057
0.831034	3.33087
0.839782	3.2575
0.84853	3.18568
0.857278	3.11552
0.866025	3.0471
0.873168	3.09514
0.88031	3.14378
0.887453	3.19299
0.894595	3.24275
0.901738	3.29305
0.90888	3.34385
0.916023	3.39514
0.923165	3.44689
0.930308	3.49908
0.93745	3.55169
0.944593	3.60468
0.951735	3.65804
0.958878	3.71174
0.96602	3.76575
0.973163	3.82004
0.980305	3.8746
0.987448	3.92938
0.99459	3.98437
1.00173	4.03954
1.00888	4.09485
1.01602	4.15028
1.02316	4.20581
1.0303	4.26141
1.03745	4.31704
1.04459	4.37268
1.05173	4.4283
1.05887	4.48388
1.06602	4.53939
1.07316	4.5948
1.0803	4.65008
1.08744	4.70521
1.09459	4.76015
1.10173	4.81489
1.10887	4.8694
1.11601	4.92365
1.12316	4.97762
1.1303	5.03127
1.13744	5.08459
1.14458	5.13755
1.15173	5.19013
1.15887	5.2423
1.16601	5.29403
1.17315	5.34532
1.1803	5.39612
1.18744	5.44642
1.19458	5.4962
1.20172	5.54543
1.20887	5.5941
1.21601	5.64218
1.22315	5.68965
1.23029	5.73648
1.23744	5.78267
1.24458	5.8282
1.25172	5.87303
1.25886	5.91715
1.266	5.96055
1.27315	6.00321
1.28029	6.0451
1.28743	6.08622
1.29457	6.12654
1.30172	6.16605
1.30886	6.20473
1.316	6.24256
1.32314	6.27954
1.33029	6.31564
1.33743	6.35086
1.34457	6.38517
1.35171	6.41857
1.35886	6.45104
1.366	6.48257
1.37314	6.51314
1.38028	6.54275
1.38743	6.57139
1.39457	6.59903
1.40171	6.62567
1.40885	6.65131
1.416	6.67593
1.42314	6.69952
1.43028	6.72207
1.43742	6.74358
1.44457	6.76403
1.45171	6.78342
1.45885	6.80174
1.46599	6.81899
1.47314	6.83515
1.48028	6.85023
1.48742	6.86421
1.49456	6.87709
1.50171	6.88887
1.50885	6.89954
1.51599	6.90909
1.52313	6.91753
1.53028	6.92486
1.53742	6.93106
1.54456	6.93613
1.5517	6.94008
1.55885	6.9429
1.56599	6.9446
1.57313	6.94516
1.57313	6.94516
1.57932	6.9521
1.57932	5.92496
1.57932	6.74108
1.57932	7.05071
1.57932	6.98294
1.57932	7.13559
1.57932	5.02421
1.57932	4.04207
1.57932	6.98647
1.57932	5.23381
1.57932	7.12518
1.57932	4.95145
1.57932	7.09416
1.57932	5.52987
1.57932	6.02503
1.57932	6.50252
1.57932	6.98241
1.57932	5.01931
1.57932	6.56386
1.57932	5.88114
1.57932	6.18926
1.57932	7.02311
1.57932	6.65343
1.57932	7.13392
1.57932	6.37417
1.57932	6.96975
1.57932	7.15576
1.57932	3.64232
1.57932	3.49605
1.57932	7.07091
1.57932	3.87252
1.57932	6.17547
1.57932	6.5448
1.57932	6.63922
1.57932	7.07661
1.57932	5.37306
1.57932	6.87057
1.57932	6.73509
1.57932	6.37633
1.57932	5.75187
1.57932	6.95931
1.57932	5.92361
1.57932	7.11676
1.57932	5.01464
1.57932	5.61909
1.57932	5.61332
1.57932	7.01067
1.57932	7.18159
1.57932	6.55531
1.57932	4.0674
1.57932	7.12703
1.57932	5.88791
1.57932	5.68685
1.57932	7.0852
1.57932	5.71659
1.57932	6.91436
1.57932	5.78059
1.57932	6.21479
1.57932	6.21541
1.57932	6.98619
1.57932	5.62568
1.57932	7.05584
1.57932	6.30008
1.57932	5.84561
1.57932	3.85366
1.57932	6.89472
1.57932	6.45707
1.57932	6.69435
1.57932	7.11048
1.57932	7.0135
1.57932	6.04722
1.57932	3.64876
1.57932	6.90827
1.57932	5.24878
1.57932	5.79465
1.57932	6.49993
1.57932	6.97038
1.57932	7.16761
1.57932	5.76582
1.57932	6.56611
1.57932	6.74129
1.57932	5.79659
1.57932	6.68785
1.57932	6.88949
1.57932	5.43848
1.57932	7.21808
1.57932	5.45712
1.57932	7.09452
1.57932	5.95102
1.57932	6.55177
1.57932	7.01018
1.57932	6.61967
1.57932	4.10404
1.57932	6.52876
1.57932	4.99211
1.57932	5.77863
1.57932	6.1905
1.57932	6.73278
1.57932	4.00989
1.57932	5.35102
1.57932	6.81131
1.57932	5.55148
1.57932	6.45442
1.57932	5.19601
1.57932	6.12865
1.57932	7.09053
1.57932	5.16743
1.57932	5.49701
1.57932	6.00817
1.57932	6.05778
1.57932	6.64661
1.57932	7.0525
1.57932	6.35621
1.57932	7.28495
1.57932	6.09673
1.57932	5.62132
1.57932	6.63966
1.57932	6.02942
1.57932	5.83296
1.57932	6.28545
1.57932	5.94028
1.57932	6.40352
1.57932	5.52235
1.57932	7.15443
1.57932	6.87294
1.57932	6.84233
1.57932	5.05
1.57932	4.6988
1.57932	7.078
1.57932	5.80412
1.57932	6.20624
1.57932	7.03497
1.57932	6.58339
1.57932	6.93715
1.57932	3.50564
1.57932	6.8724
1.57932	5.58137
1.57932	6.4595
1.57932	5.89783
1.57932	4.96267
1.57932	7.05853
1.57932	5.77817
1.57932	6.6286
1.57932	6.16947
1.57932	6.66582
1.57932	6.66857
1.57932	5.67181
1.57932	5.21754
1.57932	7.10078
1.57932	5.24134
1.57932	7.08722
1.57932	6.13596
1.57932	5.91011
1.57932	6.15359
1.57932	6.54232
1.57932	4.87004
1.57932	7.01217
1.57932	5.60037
1.57932	6.2241
1.57932	6.43696
1.57932	6.94487
1.57932	6.95668
1.57932	5.95186
1.57932	6.73282
1.57932	6.87356
1.57932	4.4579
1.57932	7.02635
1.57932	6.97035
1.57932	6.21015
1.57932	7.27699
1.57932	5.49329
1.57932	5.28349
1.57932	5.176
1.57932	5.91735
1.57932	6.36539
1.57932	6.9214
1.57932	5.14338
1.57932	6.7908
1.57932	5.53563
1.57932	5.78214
1.57932	7.13412
1.57932	6.93453
1.57932	6.44246
1.57932	6.03144
1.57932	5.7292
1.57932	6.63176
1.57932	3.78851
1.57932	5.44001
1.57932	5.91872
1.57932	6.95812
1.57932	3.18384
1.57932	6.60385
1.57932	7.1254


